0.28696 0.262557 0.0224609
0.0645407 0.98679 0.0249023
0.937295 0.997614 0.0224609
0.712063 0.34363 0.0253906
0.329853 0.14847 0.0332031
0.560339 0.845317 0.0346193
0.11909 0.459126 0.0351562
0.813803 0.594497 0.0292969
0.946451 0.583915 0.0263424
0.840715 0.073303 0.03125
0.514182 0.194264 0.0253906
0.764121 0.553542 0.0371094
0.857148 0.844068 0.0231934
0.18926 0.505787 0.0289785
0.693403 0.798112 0.039032
0.491241 0.764322 0.03125
0.553172 0.889646 0.032257
0.683455 0.382718 0.0390625
0.287305 0.418258 0.0341797
0.71426 0.0474542 0.0329665
0.861314 0.884117 0.0302734
0.402222 0.709599 0.0292969
0.699641 0.176898 0.0273438
0.131814 0.28376 0.0268183
0.496566 0.60495 0.0351562
0.339101 0.262821 0.0253906
0.811262 0.748917 0.0214844
0.359118 0.873504 0.0224609
0.106554 0.297777 0.0281577
0.983228 0.701441 0.0224609
0.23709 0.576518 0.0236028
0.942788 0.717935 0.0361595
0.271197 0.929726 0.0249023
0.936012 0.471754 0.0351562
0.674993 0.207616 0.032257
0.733117 0.384396 0.028154
0.130985 0.406648 0.0390625
0.388368 0.156492 0.0273438
0.254326 0.886073 0.0292063
0.317337 0.60207 0.0253906
0.551719 0.600297 0.0234375
0.407274 0.795851 0.0273438
0.872697 0.240749 0.0292969
0.270343 0.826255 0.0246266
0.901741 0.344229 0.0351562
0.466982 0.635052 0.0273438
0.173652 0.153456 0.0214844
0.444535 0.763725 0.0332031
0.95528 0.107792 0.0224609
0.408163 0.335271 0.0214844
0.165192 0.382086 0.0229492
0.139496 0.653146 0.0349734
0.465826 0.0733876 0.0332031
0.219855 0.682613 0.0352173
0.276005 0.364307 0.0371094
0.0906188 0.402847 0.0253906
0.888807 0.140689 0.0263424
0.769694 0.647036 0.0302734
0.414123 0.468177 0.0341473
0.997755 0.446653 0.0214844
0.636579 0.997465 0.0214844
0.917901 0.511319 0.0332031
0.335875 0.0460762 0.0241828
0.100993 0.334382 0.0253147
0.523098 0.50914 0.0273438
0.793232 0.52686 0.0214844
0.310393 0.256823 0.0351562
0.818317 0.717252 0.0263672
0.438675 0.908429 0.0330848
0.351226 0.990642 0.0214844
0.386541 0.336472 0.0351562
0.170846 0.98962 0.0253906
0.724754 0.537724 0.0351562
0.359447 0.361747 0.0302734
0.938363 0.323153 0.0253906
0.695198 0.8811 0.0214844
0.3243 0.575003 0.0251465
0.123969 0.0521787 0.0351562
0.657208 0.456806 0.031311
0.285819 0.803913 0.0285543
0.0502423 0.790134 0.0327148
0.397252 0.662441 0.0244517
0.422525 0.64188 0.0273438
0.266091 0.780295 0.0211618
0.916967 0.610681 0.0211768
0.35311 0.904087 0.0310059
0.400056 0.508108 0.0273438
0.51379 0.269022 0.0351562
0.0013946 0.624581 0.0237593
0.886665 0.109865 0.0253906
0.449611 0.102769 0.0214844
0.664647 0.677955 0.0263672
