0.0238696 0.0701064 0.892798 0.945095
0.0238696 0.0701064 0.892554 0.562459
0.0890884 0.704613 0.892798 0.945095
0.307872 0.0928337 0.892554 0.562459
0.0238696 0.0701064 0.312022 0.535903
0.499677 0.704613 0.892798 0.945095
0.0890884 0.7158 0.38741 0.887322
0.307872 0.363301 0.892554 0.562459
0.35506 0.0928337 0.802145 0.294135
0.0238696 0.0701064 0.312022 0.304623
0.0744619 0.389953 0.169217 0.535903
0.499677 0.704613 0.665569 0.870505
0.760498 0.812795 0.892798 0.945095
0.0890884 0.7301 0.25303 0.887322
0.228158 0.7158 0.38741 0.870086
0.751722 0.437033 0.892554 0.562459
0.307872 0.363301 0.684363 0.547331
0.683659 0.0928337 0.802145 0.223746
0.35506 0.202721 0.4776 0.294135
0.131134 0.0701064 0.312022 0.18511
0.0238696 0.155799 0.172693 0.304623
