-32 -20 -0.436332 
-47.0678 -10.0713 -2.38119 
-41.2513 -21.3159 -2.95099 
-47.004 -22.2768 -2.98422 
-38.4896 -16.0062 1.76634 
-47.6567 -20.2676 1.17191 
-40.5632 -13.3848 2.76481 
-38.2968 -22.4354 3.03331 
-27.0658 -12.5459 0.952027 
-34.6386 -6.60534 -2.57226 
-31.8735 -4.35712 -2.19421 
-18.5985 -4.60443 2.93002 
-20.7032 -2.67939 -1.13018 
-18.6252 5.01761 -2.57271 
-15.468 6.94468 -0.766552 
-18.7899 6.45419 1.40747 
-7.80695 -1.39332 0.610226 
-8.482 -2.31615 1.02912 
4.05893 3.90773 3.08889 
-3.94714 10.4612 3.03587 
-3.7768 18.5605 2.25622 
-6.41359 13.2035 -1.34692 
-4.70347 12.8877 -1.08025 
7.15856 17.565 2.61108 
-3.90877 12.7216 -2.42189 
8.21567 20.1636 -2.72156 
-0.407732 27.7036 2.77991 
1.80066 28.1838 -2.23938 
3.4046 32.2965 1.37367 
-5.49336 24.4775 -2.59643 
4.97563 29.667 0.11951 
9.72088 13.3075 -0.231536 
16.2167 4.56572 -2.1286 
14.9474 10.5514 -1.287 
11.8084 -7.01817 -0.951364 
24.1057 -18.8738 -0.421473 
12.1818 -2.92962 -1.26503 
21.8286 -19.1469 -2.5433 
18.8142 -15.0706 -2.1982 
31.0149 -19.3525 -2.36496 
26.521 -1.09112 -1.10398 
45.9218 1.47221 -0.0387805 
41.3242 13.8245 0.402726 
43.2187 14.6548 2.29648 
42.4358 25.129 1.12591 
35.452 30.3733 1.77192 
31.8339 37.8803 -0.356857 
25.9681 29.6141 -0.265558 
19.8248 29.9806 -0.0299679 
24.368 34.9882 2.16021 
36.0186 34.8913 -1.95557 
40 28 0.174533 

