0.612262 0.809218 0.016465
0.827831 0.173075 0.0352797
0.0850579 0.0907291 0.0265536
0.103943 0.221364 0.0230184
0.230236 0.261253 0.0247222
0.727412 0.92314 0.0350528
0.0677062 0.179067 0.0308944
0.802211 0.362334 0.0189858
0.80687 0.220804 0.0371554
0.821899 0.312447 0.0176415
0.770613 0.765705 0.0172667
0.706922 0.710223 0.0235838
0.245576 0.0638316 0.0244335
0.377242 0.827321 0.0176672
0.444965 0.40148 0.0221737
0.46169 0.167823 0.0263487
0.608175 0.287759 0.0281947
0.0564834 0.0918179 0.0191975
0.090564 0.57657 0.0366721
0.435352 0.21421 0.0243199
0.798513 0.260423 0.042553
0.273207 0.652553 0.0209181
0.762274 0.742724 0.0272752
0.957052 0.847115 0.018555
0.727222 0.296301 0.0228152
0.75996 0.898291 0.0433349
0.651855 0.747565 0.0171765
0.683192 0.734723 0.0207904
0.368928 0.0845426 0.025762
0.945708 0.891169 0.0290115
0.595211 0.221617 0.0241336
0.608284 0.562282 0.0327228
0.471818 0.706615 0.0237641
0.760411 0.162099 0.0159249
0.0990285 0.120267 0.0350983
0.318233 0.752011 0.0195418
0.510445 0.697013 0.0358041
0.210355 0.210464 0.0297464
0.229521 0.748508 0.0196915
0.0944136 0.928648 0.0311588
0.941344 0.389386 0.0162209
0.842495 0.523292 0.0236265
0.562365 0.289592 0.0168624
0.803012 0.133568 0.0165886
0.815483 0.826565 0.0226623
0.104906 0.186067 0.0195249
0.944675 0.217456 0.0165409
0.267353 0.0933542 0.0165613
0.767189 0.34396 0.01551
0.516903 0.344898 0.0353635
0.390258 0.266705 0.0152221
0.61227 0.940185 0.0197139
0.625019 0.250267 0.0161687
0.504664 0.392784 0.019441
0.748365 0.0963606 0.0315395
0.0541606 0.936869 0.0179992
0.224188 0.285855 0.045507
0.62628 0.186429 0.0178086
0.437648 0.153099 0.0150143
0.460648 0.356935 0.0335847
0.859614 0.623759 0.0293084
0.766534 0.144026 0.0327325
0.218608 0.176621 0.0150257
0.936571 0.277407 0.0199283
0.111277 0.755008 0.0320582
0.916327 0.917211 0.023808
0.284093 0.305426 0.0155683
0.167449 0.887654 0.0573946
0.765974 0.841771 0.0312759
0.7962 0.857147 0.0365743
0.212291 0.777615 0.0313135
0.875509 0.585049 0.0178917
0.75616 0.285833 0.0472605
0.440586 0.284253 0.0204303
0.173709 0.82923 0.0598625
0.316098 0.671004 0.0164983
0.605866 0.45138 0.0204764
0.308573 0.0833966 0.0155501
0.556885 0.546066 0.0216103
0.47823 0.943614 0.0151691
0.225493 0.335899 0.0177392
0.443784 0.306844 0.0234334
0.851832 0.45368 0.020959
0.226949 0.156485 0.0187209
0.53524 0.794582 0.0153543
0.116699 0.719926 0.0201991
0.0764518 0.537173 0.039642
0.392387 0.103122 0.0173394
0.144147 0.763848 0.0259122
0.745622 0.764908 0.0182537
0.16632 0.241125 0.0195415
0.79415 0.813154 0.01912
0.453949 0.533328 0.0205896
0.62196 0.141978 0.0307613
0.542755 0.301066 0.016034
0.648407 0.288214 0.0180198
0.94347 0.833395 0.0251353
0.0616477 0.264379 0.0212443
0.939118 0.410162 0.0256816
0.400031 0.589203 0.0192457
0.535383 0.388169 0.0161412
0.579994 0.274783 0.0269173
0.894339 0.811575 0.0157617
0.487022 0.914524 0.015477
0.309291 0.468105 0.0162116
0.862137 0.797004 0.0170353
0.29355 0.505849 0.0291115
0.226554 0.135911 0.0206398
0.773691 0.799048 0.0232193
0.209605 0.357921 0.0154664
0.651529 0.11557 0.0184581
0.585094 0.244375 0.0156093
0.270107 0.603808 0.0207992
0.799903 0.317109 0.0270967
0.627498 0.608784 0.0203152
0.394752 0.0734685 0.017724
0.582378 0.418881 0.0193095
0.635059 0.586247 0.0179197
0.307983 0.319798 0.0155506
0.889218 0.763385 0.0154384
0.089609 0.863263 0.0361953
0.423609 0.182957 0.0227579
0.0565291 0.0614053 0.0203988
0.939837 0.196927 0.0245179
0.507962 0.923159 0.0158926
0.0639034 0.11951 0.0263674
0.508265 0.106837 0.0248673
0.328199 0.435545 0.0162728
0.211071 0.0674561 0.0261168
0.666856 0.941187 0.0178871
0.421349 0.239021 0.0213558
0.287133 0.535267 0.0246651
0.187933 0.322283 0.0198245
0.409677 0.417765 0.016414
0.255969 0.624967 0.0250478
0.277181 0.576728 0.0153773
0.864926 0.540585 0.0167155
0.730305 0.124558 0.0328608
0.130016 0.514119 0.016588
0.878638 0.663943 0.0227444
0.840901 0.663701 0.0184247
0.946483 0.933416 0.0260696
0.632287 0.934924 0.0240157
0.0821663 0.231313 0.0275336
0.891159 0.940463 0.0204802
0.0593168 0.599747 0.0219543
0.29115 0.0731757 0.0236221
0.273564 0.736017 0.019648
0.955796 0.532035 0.0168628
0.62827 0.772029 0.0240961
0.482677 0.55674 0.017019
0.598638 0.523792 0.0237269
0.676324 0.130162 0.0154025
0.35 0.429575 0.0166232
0.0710629 0.746872 0.0168164
0.196887 0.244201 0.0414324
0.733077 0.729662 0.0341027
0.579834 0.780876 0.0266007
0.155746 0.577859 0.0205449
0.605088 0.191557 0.0317566
0.406584 0.270008 0.0297138
0.959608 0.156038 0.0152904
0.179334 0.342069 0.0200405
0.588546 0.490468 0.0160795
0.605451 0.472514 0.0192171
0.324131 0.939057 0.0151184
0.774505 0.190912 0.0182242
0.157303 0.0980841 0.0167591
0.635954 0.798388 0.01598
0.306147 0.728278 0.0309853
0.32296 0.696151 0.0162209
0.0549744 0.918287 0.0175334
0.108301 0.510713 0.0183043
0.414409 0.392605 0.0162441
0.800979 0.931094 0.0277841
0.43836 0.260208 0.0223887
0.189343 0.104216 0.0306078
0.140303 0.547144 0.0196898
0.0558631 0.897933 0.0183576
0.112764 0.816301 0.0251147
0.882389 0.55671 0.0158792
0.773234 0.940391 0.0188903
0.848065 0.497825 0.0185156
0.274584 0.713065 0.0306906
0.118136 0.791226 0.0255536
0.314575 0.0979702 0.0159315
0.49833 0.902581 0.0182256
0.609972 0.399008 0.0219153
0.697175 0.121603 0.01812
0.0566428 0.294866 0.0190986
0.693522 0.932803 0.0175093
0.935075 0.805556 0.0322351
0.05904 0.348554 0.0174531
0.900145 0.77705 0.0189587
0.780157 0.113139 0.0184329
0.946387 0.0566682 0.0159549
0.341111 0.095581 0.0200957
0.465808 0.551926 0.015789
0.339187 0.774536 0.0204336
0.0623005 0.210909 0.0260825
0.39329 0.419247 0.0181721
0.589881 0.138073 0.0166806
0.609018 0.256323 0.0330697
0.624684 0.218736 0.0170059
0.201472 0.34156 0.0280705
0.245331 0.725292 0.0164068
0.957618 0.366582 0.0165833
0.474549 0.132695 0.0200181
0.467744 0.410646 0.017713
0.430806 0.382467 0.0219769
0.345824 0.820589 0.0315343
0.546719 0.4038 0.015763
0.268144 0.477877 0.0162602
0.698294 0.291032 0.0150473
0.136845 0.588132 0.0182838
0.807705 0.894075 0.0223639
0.283916 0.682694 0.0278409
0.25573 0.523457 0.0159809
0.605352 0.49384 0.0177345
0.391916 0.564559 0.0207173
0.765039 0.0624475 0.0166229
0.955308 0.254445 0.0200503
0.857749 0.480305 0.0196314
0.0871312 0.154268 0.0396077
0.239187 0.181877 0.0158241
0.572363 0.521335 0.0237745
0.538087 0.669571 0.0162401
0.610091 0.427128 0.0248509
0.222141 0.0944496 0.0281143
0.382993 0.0561165 0.017654
0.507766 0.943096 0.0159521
0.491053 0.929556 0.0283772
0.192093 0.945906 0.0154593
0.110031 0.898717 0.0603226
0.661232 0.731256 0.0151609
0.827749 0.293973 0.0153038
0.250288 0.0912345 0.0172388
0.539614 0.72313 0.0180639
0.124771 0.559263 0.0383121
0.268432 0.300934 0.0222286
0.948214 0.171587 0.016883
0.913863 0.945364 0.0152767
0.880619 0.792693 0.0281633
0.238085 0.199222 0.018717
0.907267 0.190208 0.0155821
0.591373 0.604298 0.0166633
0.837461 0.944738 0.0154025
0.0523921 0.31642 0.0152107
0.63329 0.107689 0.0155849
0.053818 0.485242 0.0182051
0.892059 0.68879 0.0161482
0.274954 0.0547945 0.0151677
0.206634 0.932133 0.0172939
0.145168 0.242028 0.0155812
0.591539 0.157949 0.0155956
0.181246 0.769321 0.0166807
0.486739 0.382698 0.0336231
0.0683627 0.365633 0.0156816
0.614411 0.918732 0.0167473
0.549179 0.780378 0.0165878
0.793121 0.186232 0.0372604
0.404322 0.196437 0.0168616
0.629158 0.813081 0.0182193
0.513621 0.81997 0.0156781
0.134673 0.733074 0.0166158
0.151107 0.943493 0.0154176
0.0516323 0.458972 0.0166694
0.762436 0.233526 0.0191144
0.0535713 0.242754 0.0161922
0.958377 0.392676 0.0164744
0.806116 0.385 0.0155704
0.285017 0.475026 0.0187996
0.0529446 0.571812 0.0153909
0.413015 0.557557 0.0167221
0.0524305 0.879631 0.0161896
0.957446 0.232926 0.0176598
0.462478 0.9431 0.0156826
0.12217 0.235794 0.0168554
0.772675 0.714388 0.0168837
0.833847 0.4686 0.0160045
0.0520632 0.365136 0.0151309
0.237157 0.228439 0.017477
0.876024 0.18058 0.0150583
0.701692 0.745432 0.0156464
0.614616 0.792082 0.0333754
0.86798 0.440062 0.0155808
0.788567 0.343601 0.0236944
0.485446 0.325968 0.0170689
0.469098 0.319426 0.016998
0.752121 0.336165 0.0154459
0.612704 0.375105 0.0157899
0.959808 0.783692 0.0152475
0.0894762 0.202053 0.0338073
0.957668 0.278046 0.0178006
0.0727565 0.493664 0.0157395
0.135202 0.111297 0.0154489
0.0598053 0.330801 0.0160921
0.653134 0.135927 0.017955
0.652187 0.603096 0.0154294
0.45065 0.193855 0.0186684
0.526876 0.808099 0.0151271
0.431572 0.547469 0.0153933
0.942462 0.860499 0.0172266
0.514059 0.0806906 0.0157262
0.749573 0.813365 0.0175255
0.376639 0.428061 0.0157742
0.249832 0.742605 0.0162642
0.133634 0.706796 0.0160185
0.757098 0.782001 0.020944
0.56349 0.410711 0.0159117
0.216553 0.372624 0.0156863
0.0545656 0.738408 0.0152619
0.608882 0.597131 0.0265476
0.579303 0.545861 0.0303224
0.628693 0.307754 0.0158258
0.142738 0.525042 0.0160684
0.280578 0.559137 0.0154742
0.589101 0.944889 0.0158047
0.170083 0.945051 0.015149
0.560481 0.761398 0.0154231
0.0547944 0.503891 0.0182548
0.448385 0.142004 0.0160121
0.445829 0.236968 0.016663
0.296107 0.0970875 0.0152585
0.857479 0.653141 0.0339811
0.312401 0.533118 0.0158401
0.959664 0.428206 0.0157292
0.425885 0.413188 0.016273
0.314481 0.827768 0.0157232
0.918899 0.286893 0.0156464
0.0506823 0.381636 0.0152313
0.506197 0.883247 0.0150894
0.769063 0.215271 0.0157977
0.309501 0.943551 0.015797
0.35473 0.789089 0.0160686
0.544743 0.685618 0.0154148
0.423289 0.295473 0.017375
0.890881 0.184299 0.0154307
0.880593 0.602863 0.0157244
0.95967 0.865566 0.0150369
0.267087 0.0764345 0.0333987
0.520688 0.38109 0.0293551
0.556896 0.795075 0.0155647
0.145197 0.505359 0.0150156
0.523975 0.944172 0.0150385
0.484444 0.115073 0.0157764
0.319184 0.308888 0.0153644
0.531065 0.312306 0.0150604
0.0883374 0.499182 0.0150501
0.637059 0.273961 0.0150292
