0.827831 0.173075 0.0352797
0.0850579 0.0907291 0.0265536
0.103943 0.221364 0.0230184
0.230236 0.261253 0.0247222
0.727412 0.92314 0.0350528
0.0677062 0.179067 0.0308944
0.80687 0.220804 0.0371554
0.706922 0.710223 0.0235838
0.245576 0.0638316 0.0244335
0.444965 0.40148 0.0221737
0.46169 0.167823 0.0263487
0.608175 0.287759 0.0281947
0.435352 0.21421 0.0243199
0.798513 0.260423 0.042553
0.762274 0.742724 0.0272752
0.75996 0.898291 0.0433349
0.368928 0.0845426 0.025762
0.945708 0.891169 0.0290115
0.595211 0.221617 0.0241336
0.608284 0.562282 0.0327228
0.471818 0.706615 0.0237641
0.0990285 0.120267 0.0350983
0.510445 0.697013 0.0358041
0.210355 0.210464 0.0297464
0.0944136 0.928648 0.0311588
0.842495 0.523292 0.0236265
0.815483 0.826565 0.0226623
0.516903 0.344898 0.0353635
0.748365 0.0963606 0.0315395
0.224188 0.285855 0.045507
0.460648 0.356935 0.0335847
0.859614 0.623759 0.0293084
0.766534 0.144026 0.0327325
0.111277 0.755008 0.0320582
0.916327 0.917211 0.023808
0.167449 0.887654 0.0573946
0.765974 0.841771 0.0312759
0.7962 0.857147 0.0365743
0.212291 0.777615 0.0313135
0.75616 0.285833 0.0472605
0.173709 0.82923 0.0598625
0.556885 0.546066 0.0216103
0.443784 0.306844 0.0234334
0.0764518 0.537173 0.039642
0.144147 0.763848 0.0259122
0.62196 0.141978 0.0307613
0.94347 0.833395 0.0251353
0.0616477 0.264379 0.0212443
0.939118 0.410162 0.0256816
0.579994 0.274783 0.0269173
0.29355 0.505849 0.0291115
0.773691 0.799048 0.0232193
0.799903 0.317109 0.0270967
0.089609 0.863263 0.0361953
0.423609 0.182957 0.0227579
0.939837 0.196927 0.0245179
0.0639034 0.11951 0.0263674
0.508265 0.106837 0.0248673
0.211071 0.0674561 0.0261168
0.421349 0.239021 0.0213558
0.287133 0.535267 0.0246651
0.255969 0.624967 0.0250478
0.730305 0.124558 0.0328608
0.878638 0.663943 0.0227444
0.946483 0.933416 0.0260696
0.632287 0.934924 0.0240157
0.0821663 0.231313 0.0275336
0.0593168 0.599747 0.0219543
0.29115 0.0731757 0.0236221
0.62827 0.772029 0.0240961
0.598638 0.523792 0.0237269
0.196887 0.244201 0.0414324
0.733077 0.729662 0.0341027
0.579834 0.780876 0.0266007
0.605088 0.191557 0.0317566
0.406584 0.270008 0.0297138
0.306147 0.728278 0.0309853
0.800979 0.931094 0.0277841
0.43836 0.260208 0.0223887
0.189343 0.104216 0.0306078
0.112764 0.816301 0.0251147
0.274584 0.713065 0.0306906
0.118136 0.791226 0.0255536
0.609972 0.399008 0.0219153
0.935075 0.805556 0.0322351
0.0623005 0.210909 0.0260825
0.609018 0.256323 0.0330697
0.201472 0.34156 0.0280705
0.430806 0.382467 0.0219769
0.345824 0.820589 0.0315343
0.807705 0.894075 0.0223639
0.283916 0.682694 0.0278409
0.0871312 0.154268 0.0396077
0.572363 0.521335 0.0237745
0.610091 0.427128 0.0248509
0.222141 0.0944496 0.0281143
0.491053 0.929556 0.0283772
0.110031 0.898717 0.0603226
0.124771 0.559263 0.0383121
0.268432 0.300934 0.0222286
0.880619 0.792693 0.0281633
0.486739 0.382698 0.0336231
0.793121 0.186232 0.0372604
0.614616 0.792082 0.0333754
0.788567 0.343601 0.0236944
0.0894762 0.202053 0.0338073
0.608882 0.597131 0.0265476
0.579303 0.545861 0.0303224
0.857479 0.653141 0.0339811
0.267087 0.0764345 0.0333987
0.520688 0.38109 0.0293551
