0.05 0.05 0 
0.052487 0.0500442 0.0355358 
0.0549708 0.0501767 0.0710717 
0.0574484 0.0503974 0.106607 
0.0599166 0.050706 0.142143 
0.0623722 0.051102 0.177679 
0.0648122 0.0515851 0.213215 
0.0672335 0.0521545 0.248751 
0.0696331 0.0528097 0.284287 
0.0720079 0.0535496 0.319822 
0.0743548 0.0543735 0.355358 
0.0766711 0.0552802 0.390894 
0.0789536 0.0562686 0.42643 
0.0811996 0.0573375 0.461966 
0.0834062 0.0584856 0.497502 
0.0855706 0.0597113 0.533037 
0.0876901 0.0610131 0.568573 
0.089762 0.0623894 0.604109 
0.0917837 0.0638385 0.639645 
0.0937527 0.0653584 0.675181 
0.0956664 0.0669474 0.710717 
0.0975224 0.0686033 0.746252 
0.0993185 0.0703242 0.781788 
0.101052 0.0721077 0.817324 
0.102722 0.0739518 0.85286 
0.104324 0.075854 0.888396 
0.105858 0.0778119 0.923932 
0.107322 0.0798231 0.959467 
0.108713 0.081885 0.995003 
0.11003 0.083995 1.03054 
0.111272 0.0861506 1.06607 
0.112436 0.0883488 1.10161 
0.113521 0.090587 1.13715 
0.114526 0.0928624 1.17268 
0.115449 0.095172 1.20822 
0.11629 0.097513 1.24375 
0.117047 0.0998823 1.27929 
0.117719 0.102277 1.31483 
0.118306 0.104694 1.35036 
0.118807 0.107131 1.3859 
0.119221 0.109583 1.42143 
0.119547 0.112049 1.45697 
0.119786 0.114525 1.4925 
0.119936 0.117008 1.52804 
0.119998 0.119495 1.56358 
0.119972 0.121982 1.59911 
0.119857 0.124467 1.63465 
0.119655 0.126946 1.67018 
0.119364 0.129416 1.70572 
0.118985 0.131874 1.74126 
0.11852 0.134318 1.77679 
0.117968 0.136743 1.81233 
0.11733 0.139147 1.84786 
0.11662 0.141531 1.86408 
0.115901 0.143913 1.86408 
0.115182 0.146294 1.86408 
0.114463 0.148675 1.86408 
0.113744 0.151057 1.86408 
0.113024 0.153438 1.86408 
0.112305 0.155819 1.86408 
0.111586 0.1582 1.86408 
0.110738 0.161259 1.81873 
0.110029 0.164353 1.77338 
0.109461 0.167476 1.72802 
0.109035 0.170622 1.68267 
0.108752 0.173784 1.63732 
0.108613 0.176955 1.59197 
0.108618 0.180129 1.54662 
0.108766 0.1833 1.50127 
0.109059 0.186461 1.45592 
0.109494 0.189605 1.41056 
0.110071 0.192727 1.36521 
0.110789 0.195819 1.31986 
0.111647 0.198875 1.27451 
0.112643 0.201889 1.22916 
0.113774 0.204855 1.18381 
0.115038 0.207767 1.13846 
0.116433 0.210618 1.0931 
0.117956 0.213403 1.04775 
0.119603 0.216117 1.0024 
0.121372 0.218753 0.95705 
0.123259 0.221305 0.911699 
0.125259 0.22377 0.866348 
0.127369 0.226142 0.820996 
0.129583 0.228417 0.784249 
0.13183 0.230659 0.784249 
0.134078 0.232901 0.784249 
0.136325 0.235143 0.784249 
0.138572 0.237386 0.784249 
0.14082 0.239628 0.784249 
0.143067 0.24187 0.784249 
0.145314 0.244112 0.784249 
0.147562 0.246354 0.784249 
0.149809 0.248597 0.784249 
0.152057 0.250839 0.784249 
0.154304 0.253081 0.784219 
0.158015 0.257084 0.862225 
0.161403 0.261365 0.940231 
0.164448 0.265896 1.01824 
0.16713 0.270651 1.09624 
0.169446 0.275594 1.1537 
0.171658 0.280587 1.1537 
0.17387 0.285579 1.1537 
0.176082 0.290571 1.1537 
0.178295 0.295564 1.1537 
0.180507 0.300556 1.1537 
0.182719 0.305548 1.1537 
0.184931 0.310541 1.1537 
0.187143 0.315533 1.1537 
0.189355 0.320525 1.1537 
0.191567 0.325518 1.1537 
0.193779 0.33051 1.1537 
0.195991 0.335502 1.1537 
0.198203 0.340494 1.1537 
0.200415 0.345487 1.1537 
0.202627 0.350479 1.1537 
0.204838 0.355472 1.1586 
0.206828 0.360555 1.23661 
0.208417 0.365778 1.31461 
0.209593 0.371109 1.39262 
0.21035 0.376515 1.47063 
0.210684 0.381964 1.54863 
0.210592 0.387422 1.62664 
0.211108 0.400666 1.43702 
0.214112 0.413575 1.24739 
0.219494 0.425686 1.05777 
0.226919 0.436676 0.940195 
0.234746 0.447397 0.940195 
0.242572 0.458118 0.940195 
0.250398 0.468839 0.945102 
0.257108 0.480268 1.13472 
0.261544 0.492758 1.32435 
0.263546 0.505859 1.51397 
0.263043 0.519103 1.70359 
0.262506 0.525047 1.6183 
0.262477 0.531015 1.53302 
0.262952 0.536965 1.45844 
0.263621 0.542897 1.45844 
0.264291 0.54883 1.45844 
0.26496 0.554762 1.45844 
0.265629 0.560694 1.45844 
0.266299 0.566627 1.45844 
0.266968 0.572559 1.45844 
0.267638 0.578491 1.45844 
0.268307 0.584424 1.45844 
0.268976 0.590356 1.45844 
0.269646 0.596289 1.45844 
0.270315 0.602221 1.45844 
0.270984 0.608153 1.45844 
0.271654 0.614086 1.45844 
0.272323 0.620018 1.45844 
0.272992 0.62595 1.45844 
0.273662 0.631883 1.45844 
0.274572 0.637781 1.37499 
0.275982 0.643581 1.2897 
0.277881 0.649239 1.20442 
0.280254 0.654715 1.11913 
0.283086 0.659968 1.03385 
0.286354 0.664962 0.948559 
0.293651 0.676042 0.993908 
0.300887 0.687163 0.993908 
0.308124 0.698284 0.993908 
0.31536 0.709404 0.993908 
0.322597 0.720525 0.993908 
0.329833 0.731645 0.993908 
0.33707 0.742766 0.993908 
0.344306 0.753887 0.993908 
0.351543 0.765007 0.993908 
0.358779 0.776128 0.993908 
0.366016 0.787249 0.993908 
0.373513 0.798187 0.898537 
0.382708 0.807725 0.708996 
0.393534 0.815361 0.519456 
0.396836 0.817353 0.553305 
0.400118 0.81938 0.553305 
0.403399 0.821407 0.553305 
0.40668 0.823434 0.553305 
0.409962 0.82546 0.553305 
0.413246 0.827483 0.540974 
0.416605 0.829377 0.485875 
0.420064 0.831083 0.430776 
0.423611 0.832596 0.375677 
0.427236 0.833912 0.320578 
0.430928 0.835026 0.26548 
0.434676 0.835935 0.210381 
0.438468 0.836636 0.155282 
0.442293 0.837127 0.100183 
0.450673 0.837464 -0.0197017 
0.459033 0.836797 -0.139586 
0.467254 0.835135 -0.259471 
0.475217 0.832501 -0.379355 
0.482951 0.829245 -0.400278 
0.49068 0.825975 -0.400278 
0.498408 0.822705 -0.400278 
0.506137 0.819435 -0.400278 
0.513865 0.816165 -0.400278 
0.521594 0.812895 -0.400278 
0.529322 0.809625 -0.400278 
0.537051 0.806355 -0.400278 
0.54478 0.803084 -0.400278 
0.552508 0.799814 -0.400278 
0.560237 0.796544 -0.400278 
0.567965 0.793274 -0.400278 
0.575694 0.790004 -0.400278 
0.583422 0.786734 -0.400278 
0.591151 0.783464 -0.402782 
0.598656 0.77972 -0.522666 
0.601586 0.778008 -0.529145 
0.604515 0.776295 -0.529145 
0.607445 0.774582 -0.529145 
0.610374 0.772869 -0.529145 
0.613304 0.771156 -0.529145 
0.616233 0.769443 -0.529145 
0.619163 0.76773 -0.529145 
0.622092 0.766016 -0.529145 
0.625022 0.764303 -0.529145 
0.627951 0.76259 -0.529145 
0.630881 0.760877 -0.529145 
0.63381 0.759164 -0.529145 
0.63674 0.757451 -0.529145 
0.639669 0.755738 -0.529145 
0.642599 0.754025 -0.529145 
0.645528 0.752312 -0.529145 
0.648458 0.750599 -0.529145 
0.651387 0.748886 -0.529145 
0.654317 0.747173 -0.529145 
0.657246 0.74546 -0.529145 
0.660176 0.743747 -0.529145 
0.663105 0.742034 -0.529145 
0.666035 0.74032 -0.529145 
0.668964 0.738607 -0.529145 
0.671914 0.736931 -0.494359 
0.67494 0.735394 -0.445879 
0.678036 0.734005 -0.397399 
0.681195 0.732768 -0.348919 
0.684411 0.731686 -0.300439 
0.687676 0.73076 -0.251959 
0.690982 0.729994 -0.203479 
0.694321 0.729389 -0.155 
0.697685 0.728947 -0.10652 
0.701067 0.728668 -0.0580398 
0.704458 0.728553 -0.00955987 
0.707851 0.728603 0.03892 
0.711237 0.728817 0.0873999 
0.71461 0.729195 0.13588 
0.717959 0.729736 0.18436 
0.721279 0.730439 0.23284 
0.724561 0.731302 0.28132 
0.727797 0.732323 0.329799 
0.73098 0.733499 0.378279 
0.734102 0.734828 0.426759 
0.737156 0.736307 0.475239 
0.740135 0.737933 0.523719 
0.743031 0.7397 0.572199 
0.745838 0.741606 0.620679 
0.74855 0.743646 0.669159 
0.75116 0.745815 0.717639 
0.753661 0.748108 0.766119 
0.756049 0.750519 0.814599 
0.758317 0.753043 0.863078 
0.760459 0.755674 0.911558 
0.762472 0.758406 0.960038 
0.76435 0.761232 1.00852 
0.766089 0.764146 1.057 
0.767685 0.767141 1.10548 
0.769133 0.770209 1.15396 
0.770432 0.773344 1.20244 
0.771576 0.776539 1.25092 
0.772565 0.779785 1.2994 
0.773395 0.783075 1.34788 
0.774065 0.786401 1.39636 
0.774573 0.789756 1.44484 
0.774917 0.793132 1.49332 
0.775098 0.796521 1.5418 
0.775114 0.799914 1.59028 
0.774966 0.803304 1.63876 
0.774452 0.808251 1.70983 
0.773588 0.81315 1.7809 
0.772378 0.817974 1.85197 
0.770829 0.822701 1.92304 
0.768948 0.827305 1.99412 
0.766745 0.831765 2.06519 
0.764277 0.836084 2.09703 
0.761778 0.840386 2.09703 
0.75928 0.844688 2.09703 
0.756781 0.84899 2.09703 
0.754299 0.853302 2.07305 
0.752061 0.857744 2.00198 
0.750144 0.862334 1.93091 
0.748558 0.867048 1.85984 
0.74731 0.871863 1.78877 
0.746408 0.876754 1.7177 
0.745855 0.881697 1.64662 
0.745655 0.886667 1.57555 
0.745808 0.891639 1.50448 
0.746314 0.896587 1.43341 
0.74717 0.901487 1.36234 
0.748371 0.906314 1.29127 
0.749913 0.911043 1.22019 
0.751786 0.91565 1.14912 
0.753982 0.920114 1.07805 
0.756489 0.924409 1.00698 
0.759295 0.928516 0.935907 
0.762385 0.932414 0.864836 
0.765744 0.936082 0.793764 
0.769356 0.939502 0.722692 
0.773996 0.943255 0.637406 
0.77894 0.946599 0.55212 
0.78415 0.94951 0.466834 
0.789589 0.951967 0.381548 
0.795218 0.953951 0.296262 
0.800995 0.955448 0.210976 
0.806879 0.956448 0.12569 
0.812827 0.956943 0.0404044 
0.818795 0.95693 -0.0448816 
0.824756 0.956613 -0.0535514 
0.830718 0.956293 -0.0535514 
0.836679 0.955974 -0.0535514 
0.842641 0.955654 -0.0535514 
0.848602 0.955335 -0.0535514 
0.854564 0.955015 -0.0535514 
0.860525 0.954696 -0.0535514 
0.866487 0.954376 -0.0535514 
0.872448 0.954056 -0.0535514 
0.87841 0.953737 -0.0535514 
0.884371 0.953417 -0.0535514 
0.890332 0.953098 -0.0535514 
0.896294 0.952778 -0.0535514 
0.902255 0.952459 -0.0535514 
0.908217 0.952139 -0.0535514 
0.914178 0.95182 -0.0535514 
0.926118 0.95118 -0.0535514 
0.938057 0.95054 -0.0535514 
0.95 0.95 0 

