0.05 0.05 
0.0512042 0.0507239 
0.0524084 0.0514478 
0.0536127 0.0521717 
0.0548169 0.0528956 
0.0560211 0.0536195 
0.0572253 0.0543434 
0.0584296 0.0550672 
0.0596338 0.0557911 
0.060838 0.056515 
0.0620422 0.0572389 
0.0632465 0.0579628 
0.0644507 0.0586867 
0.0656549 0.0594106 
0.0668591 0.0601345 
0.0680634 0.0608584 
0.0692676 0.0615823 
0.0704718 0.0623062 
0.071676 0.0630301 
0.0728803 0.063754 
0.0740845 0.0644778 
0.0752887 0.0652017 
0.0764929 0.0659256 
0.0776972 0.0666495 
0.0789014 0.0673734 
0.0801056 0.0680973 
0.0813098 0.0688212 
0.0825141 0.0695451 
0.0837183 0.070269 
0.0849225 0.0709929 
0.0861267 0.0717168 
0.087331 0.0724407 
0.0885352 0.0731646 
0.0897394 0.0738884 
0.0909436 0.0746123 
0.0921479 0.0753362 
0.0933521 0.0760601 
0.0945563 0.076784 
0.0957605 0.0775079 
0.0969648 0.0782318 
0.098169 0.0789557 
0.0993732 0.0796796 
0.100577 0.0804035 
0.101782 0.0811274 
0.102986 0.0818513 
0.10419 0.0825752 
0.105394 0.083299 
0.106599 0.0840229 
0.107803 0.0847468 
0.109007 0.0854707 
0.110211 0.0861946 
0.111415 0.0869185 
0.11262 0.0876424 
0.113824 0.0883663 
0.115028 0.0890902 
0.116232 0.0898141 
0.117437 0.090538 
0.118641 0.0912619 
0.119845 0.0919858 
0.121049 0.0927096 
0.122253 0.0934335 
0.123458 0.0941574 
0.124662 0.0948813 
0.125866 0.0956052 
0.12707 0.0963291 
0.128275 0.097053 
0.129479 0.0977769 
0.130683 0.0985008 
0.131887 0.0992247 
0.133091 0.0999486 
0.134296 0.100672 
0.1355 0.101396 
0.136704 0.10212 
0.137908 0.102844 
0.139113 0.103568 
0.140317 0.104292 
0.141521 0.105016 
0.142725 0.10574 
0.14393 0.106464 
0.145134 0.107187 
0.146338 0.107911 
0.147542 0.108635 
0.148746 0.109359 
0.149951 0.110083 
0.151155 0.110807 
0.152359 0.111531 
0.153563 0.112255 
0.154768 0.112979 
0.155972 0.113703 
0.157176 0.114426 
0.15838 0.11515 
0.159584 0.115874 
0.160789 0.116598 
0.161993 0.117322 
0.163197 0.118046 
0.164401 0.11877 
0.165606 0.119494 
0.16681 0.120218 
0.168014 0.120941 
0.169218 0.121665 
0.170422 0.122389 
0.171627 0.123113 
0.172831 0.123837 
0.174035 0.124561 
0.175239 0.125285 
0.176444 0.126009 
0.177648 0.126733 
0.178852 0.127456 
0.180056 0.12818 
0.18126 0.128904 
0.182465 0.129628 
0.183619 0.13036 
0.184773 0.131091 
0.185927 0.131822 
0.187081 0.132554 
0.188235 0.133285 
0.189389 0.134017 
0.190543 0.134748 
0.191697 0.135479 
0.192852 0.136211 
0.194006 0.136942 
0.19516 0.137674 
0.196098 0.138607 
0.197037 0.139541 
0.197975 0.140474 
0.198914 0.141408 
0.199852 0.142341 
0.20079 0.143275 
0.201729 0.144208 
0.202667 0.145142 
0.203606 0.146075 
0.204544 0.147009 
0.205122 0.148226 
0.205699 0.149444 
0.206276 0.150662 
0.206854 0.151879 
0.207431 0.153097 
0.208008 0.154314 
0.208586 0.155532 
0.209163 0.15675 
0.20974 0.157967 
0.210318 0.159185 
0.210895 0.160402 
0.211472 0.16162 
0.21205 0.162838 
0.212627 0.164055 
0.213204 0.165273 
0.213782 0.16649 
0.214359 0.167708 
0.214937 0.168926 
0.215514 0.170143 
0.216117 0.17142 
0.216721 0.172697 
0.217324 0.173974 
0.217927 0.175251 
0.218531 0.176528 
0.219134 0.177805 
0.219737 0.179082 
0.220341 0.180359 
0.220944 0.181636 
0.221548 0.182913 
0.222151 0.18419 
0.222754 0.185468 
0.223358 0.186745 
0.223961 0.188022 
0.224564 0.189299 
0.225179 0.190558 
0.225794 0.191818 
0.226409 0.193078 
0.227023 0.194337 
0.227638 0.195597 
0.228253 0.196857 
0.228868 0.198117 
0.229482 0.199376 
0.230097 0.200636 
0.230712 0.201896 
0.231327 0.203155 
0.231941 0.204415 
0.232556 0.205675 
0.233128 0.206901 
0.2337 0.208127 
0.234272 0.209352 
0.234844 0.210578 
0.235416 0.211804 
0.235988 0.21303 
0.236561 0.214256 
0.237133 0.215482 
0.237705 0.216707 
0.238277 0.217933 
0.238849 0.219159 
0.239421 0.220385 
0.239993 0.221611 
0.24057 0.222865 
0.241147 0.224119 
0.241723 0.225373 
0.2423 0.226627 
0.242877 0.227881 
0.243454 0.229136 
0.244031 0.23039 
0.244608 0.231644 
0.245184 0.232898 
0.245761 0.234152 
0.246338 0.235406 
0.246915 0.23666 
0.247492 0.237915 
0.248068 0.239169 
0.248651 0.240431 
0.249234 0.241694 
0.249817 0.242957 
0.250399 0.24422 
0.250982 0.245482 
0.251565 0.246745 
0.252147 0.248008 
0.252946 0.249148 
0.253745 0.250289 
0.254544 0.251429 
0.255343 0.252569 
0.256142 0.25371 
0.256941 0.25485 
0.25774 0.255991 
0.258539 0.257131 
0.259439 0.258152 
0.260339 0.259173 
0.261239 0.260194 
0.26214 0.261215 
0.26304 0.262236 
0.26394 0.263257 
0.26484 0.264278 
0.26574 0.265299 
0.26664 0.26632 
0.267541 0.26734 
0.268441 0.268361 
0.269341 0.269382 
0.270241 0.270403 
0.271141 0.271424 
0.272041 0.272445 
0.272942 0.273466 
0.273842 0.274487 
0.274795 0.27551 
0.275747 0.276533 
0.2767 0.277556 
0.277653 0.278579 
0.278606 0.279602 
0.279559 0.280625 
0.280512 0.281648 
0.281465 0.282671 
0.282418 0.283694 
0.283371 0.284717 
0.284324 0.28574 
0.285277 0.286763 
0.286229 0.287786 
0.287182 0.288809 
0.288275 0.289671 
0.289367 0.290533 
0.29073 0.29067 
0.292093 0.290808 
0.293457 0.290945 
0.29482 0.291083 
0.296183 0.29122 
0.297546 0.291358 
0.298909 0.291495 
0.300272 0.291633 
0.301635 0.29177 
0.302999 0.291908 
0.304362 0.292045 
0.305725 0.292183 
0.307088 0.29232 
0.308473 0.292461 
0.309858 0.292602 
0.311243 0.292743 
0.312628 0.292884 
0.314014 0.293024 
0.315399 0.293165 
0.316784 0.293306 
0.318169 0.293447 
0.319554 0.293588 
0.320939 0.293729 
0.322324 0.293869 
0.323709 0.29401 
0.325094 0.294151 
0.326479 0.294292 
0.327864 0.294433 
0.329249 0.294574 
0.330635 0.294715 
0.331995 0.294657 
0.333356 0.294599 
0.334716 0.294541 
0.336077 0.294483 
0.337437 0.294426 
0.338798 0.294368 
0.340158 0.29431 
0.341519 0.294252 
0.342879 0.294194 
0.34424 0.294137 
0.345601 0.294079 
0.346961 0.294021 
0.348322 0.293963 
0.349682 0.293906 
0.351043 0.293848 
0.352403 0.29379 
0.353764 0.293732 
0.355164 0.293672 
0.356564 0.293612 
0.357965 0.293551 
0.359365 0.293491 
0.360765 0.293431 
0.362165 0.293371 
0.363566 0.29331 
0.364966 0.29325 
0.366119 0.293388 
0.367272 0.293526 
0.368425 0.293664 
0.369578 0.293801 
0.370731 0.293939 
0.3719 0.294316 
0.373069 0.294693 
0.374238 0.29507 
0.375406 0.295446 
0.376662 0.295888 
0.377917 0.29633 
0.379173 0.296772 
0.380428 0.297214 
0.381684 0.297656 
0.382939 0.298098 
0.384195 0.29854 
0.38545 0.298981 
0.386705 0.299423 
0.387961 0.299865 
0.389216 0.300307 
0.390472 0.300749 
0.391727 0.301191 
0.392983 0.301633 
0.394238 0.302075 
0.395491 0.302551 
0.396744 0.303028 
0.397996 0.303505 
0.399249 0.303981 
0.400502 0.304458 
0.401755 0.304935 
0.403007 0.305411 
0.40426 0.305888 
0.405513 0.306365 
0.406766 0.306841 
0.408019 0.307318 
0.409271 0.307795 
0.410524 0.308271 
0.411777 0.308748 
0.41303 0.309225 
0.414282 0.309701 
0.415356 0.310562 
0.41643 0.311422 
0.417504 0.312283 
0.418578 0.313144 
0.419652 0.314004 
0.420726 0.314865 
0.4218 0.315725 
0.422874 0.316586 
0.423948 0.317446 
0.425022 0.318307 
0.426096 0.319168 
0.42717 0.320028 
0.428244 0.320889 
0.429318 0.321749 
0.430392 0.32261 
0.431466 0.32347 
0.43254 0.324331 
0.433614 0.325192 
0.434688 0.326052 
0.435728 0.326883 
0.436769 0.327714 
0.437809 0.328545 
0.438849 0.329375 
0.439889 0.330206 
0.440929 0.331037 
0.44197 0.331868 
0.44301 0.332698 
0.44405 0.333529 
0.44509 0.33436 
0.446131 0.335191 
0.447171 0.336021 
0.448211 0.336852 
0.449251 0.337683 
0.450292 0.338514 
0.451382 0.339387 
0.452472 0.34026 
0.453562 0.341132 
0.454652 0.342005 
0.455742 0.342878 
0.456833 0.343751 
0.457923 0.344624 
0.459013 0.345497 
0.460103 0.34637 
0.461193 0.347242 
0.462284 0.348115 
0.463315 0.348938 
0.464346 0.34976 
0.465377 0.350582 
0.466408 0.351405 
0.467439 0.352227 
0.468471 0.353049 
0.469502 0.353872 
0.470533 0.354694 
0.471564 0.355516 
0.472652 0.356352 
0.47374 0.357188 
0.474827 0.358024 
0.475915 0.35886 
0.477003 0.359696 
0.478091 0.360532 
0.479178 0.361368 
0.480266 0.362204 
0.481354 0.36304 
0.482442 0.363876 
0.483529 0.364712 
0.484617 0.365548 
0.485705 0.366384 
0.486748 0.367219 
0.487791 0.368055 
0.488835 0.368891 
0.489878 0.369726 
0.490921 0.370562 
0.491964 0.371398 
0.493008 0.372233 
0.494051 0.373069 
0.495094 0.373905 
0.496138 0.37474 
0.497181 0.375576 
0.498224 0.376412 
0.499267 0.377247 
0.500331 0.37808 
0.501395 0.378912 
0.502459 0.379744 
0.503522 0.380576 
0.504586 0.381408 
0.50565 0.38224 
0.506714 0.383072 
0.507777 0.383904 
0.508841 0.384737 
0.509905 0.385569 
0.510968 0.386401 
0.512032 0.387233 
0.513096 0.388065 
0.51416 0.388897 
0.515223 0.389729 
0.516287 0.390561 
0.517351 0.391393 
0.518415 0.392226 
0.519478 0.393058 
0.520562 0.393916 
0.521647 0.394774 
0.522731 0.395632 
0.523815 0.39649 
0.524899 0.397348 
0.525983 0.398206 
0.527067 0.399064 
0.528151 0.399922 
0.529236 0.40078 
0.53032 0.401638 
0.531404 0.402496 
0.532488 0.403355 
0.533572 0.404213 
0.534656 0.405071 
0.53574 0.405929 
0.536824 0.406787 
0.537909 0.407645 
0.538993 0.408503 
0.540077 0.409361 
0.541114 0.410187 
0.542151 0.411014 
0.543188 0.41184 
0.544225 0.412666 
0.545262 0.413493 
0.546299 0.414319 
0.547336 0.415145 
0.548373 0.415972 
0.549409 0.416798 
0.550446 0.417624 
0.551483 0.418451 
0.55252 0.419277 
0.553557 0.420103 
0.554594 0.42093 
0.555642 0.421773 
0.55669 0.422617 
0.557738 0.423461 
0.558786 0.424304 
0.559834 0.425148 
0.560882 0.425991 
0.56193 0.426835 
0.562978 0.427679 
0.564026 0.428522 
0.565074 0.429366 
0.566122 0.43021 
0.56717 0.431053 
0.568218 0.431897 
0.569266 0.43274 
0.570314 0.433584 
0.571362 0.434428 
0.572065 0.435387 
0.572768 0.436347 
0.57347 0.437307 
0.574173 0.438266 
0.574904 0.439329 
0.575635 0.440392 
0.576366 0.441456 
0.577097 0.442519 
0.577828 0.443582 
0.57856 0.444645 
0.579199 0.445784 
0.579838 0.446922 
0.580477 0.448061 
0.581116 0.4492 
0.581755 0.450339 
0.582395 0.451478 
0.583034 0.452617 
0.583673 0.453755 
0.584312 0.454894 
0.584951 0.456033 
0.585591 0.457172 
0.586174 0.458276 
0.586758 0.45938 
0.587341 0.460484 
0.587925 0.461588 
0.588508 0.462691 
0.589091 0.463795 
0.589675 0.464899 
0.590258 0.466003 
0.590854 0.467146 
0.59145 0.468288 
0.592045 0.469431 
0.592641 0.470574 
0.593236 0.471716 
0.593832 0.472859 
0.594428 0.474002 
0.595023 0.475144 
0.595619 0.476287 
0.596214 0.47743 
0.59681 0.478572 
0.597401 0.479662 
0.597993 0.480752 
0.598584 0.481842 
0.599175 0.482932 
0.599767 0.484021 
0.600358 0.485111 
0.600949 0.486201 
0.601609 0.487401 
0.602268 0.4886 
0.602928 0.4898 
0.603587 0.490999 
0.604247 0.492199 
0.604906 0.493398 
0.605566 0.494598 
0.606225 0.495797 
0.606885 0.496997 
0.607544 0.498197 
0.608203 0.499396 
0.608863 0.500596 
0.609522 0.501795 
0.610182 0.502995 
0.610841 0.504194 
0.611501 0.505394 
0.61216 0.506593 
0.61282 0.507793 
0.613479 0.508992 
0.614139 0.510192 
0.614798 0.511392 
0.615458 0.512591 
0.616117 0.513791 
0.616777 0.51499 
0.617436 0.51619 
0.618096 0.517389 
0.618741 0.518561 
0.619385 0.519732 
0.62003 0.520904 
0.620675 0.522075 
0.62132 0.523247 
0.621965 0.524418 
0.622609 0.525589 
0.623254 0.526761 
0.623899 0.527932 
0.624544 0.529104 
0.625189 0.530275 
0.625833 0.531447 
0.626478 0.532618 
0.627123 0.53379 
0.627768 0.534961 
0.628456 0.536177 
0.629144 0.537393 
0.629832 0.53861 
0.63052 0.539826 
0.631208 0.541042 
0.631896 0.542258 
0.632585 0.543474 
0.633273 0.544691 
0.633961 0.545907 
0.634649 0.547123 
0.635337 0.548339 
0.636025 0.549556 
0.636713 0.550772 
0.637401 0.551988 
0.638089 0.553204 
0.638777 0.55442 
0.639465 0.555637 
0.640154 0.556853 
0.640842 0.558069 
0.641538 0.559283 
0.642234 0.560497 
0.64293 0.561711 
0.643627 0.562925 
0.644323 0.56414 
0.645019 0.565354 
0.645715 0.566568 
0.646412 0.567782 
0.647108 0.568996 
0.647804 0.57021 
0.6485 0.571424 
0.649196 0.572638 
0.649681 0.573751 
0.650165 0.574864 
0.65065 0.575977 
0.651134 0.577089 
0.651619 0.578202 
0.652481 0.579262 
0.653343 0.580323 
0.654206 0.581383 
0.655068 0.582443 
0.65593 0.583503 
0.656793 0.584563 
0.657655 0.585623 
0.658517 0.586684 
0.65938 0.587744 
0.660242 0.588804 
0.661104 0.589864 
0.661966 0.590924 
0.662829 0.591984 
0.663691 0.593045 
0.664657 0.593971 
0.665624 0.594898 
0.66659 0.595825 
0.667557 0.596752 
0.668523 0.597679 
0.669489 0.598606 
0.670456 0.599533 
0.671422 0.600459 
0.672388 0.601386 
0.673355 0.602313 
0.674321 0.60324 
0.675288 0.604167 
0.676254 0.605094 
0.67722 0.606021 
0.678187 0.606947 
0.679213 0.607916 
0.68024 0.608884 
0.681267 0.609852 
0.682293 0.61082 
0.68332 0.611788 
0.684347 0.612757 
0.685373 0.613725 
0.6864 0.614693 
0.687427 0.615661 
0.688454 0.616629 
0.68948 0.617598 
0.690507 0.618566 
0.691534 0.619534 
0.69256 0.620502 
0.693587 0.62147 
0.694614 0.622439 
0.69564 0.623407 
0.696667 0.624375 
0.697694 0.625343 
0.69872 0.626311 
0.699747 0.627279 
0.700774 0.628248 
0.7018 0.629216 
0.702827 0.630184 
0.703854 0.631152 
0.70488 0.63212 
0.705907 0.633089 
0.706934 0.634057 
0.70796 0.635025 
0.708987 0.635993 
0.710014 0.636961 
0.710876 0.637953 
0.711738 0.638945 
0.7126 0.639937 
0.713462 0.640929 
0.713977 0.642145 
0.714492 0.643361 
0.715007 0.644576 
0.715522 0.645792 
0.716037 0.647008 
0.716053 0.648352 
0.716068 0.649696 
0.716083 0.65104 
0.716099 0.652384 
0.716114 0.653728 
0.716129 0.655072 
0.716144 0.656416 
0.71616 0.65776 
0.716175 0.659104 
0.71619 0.660448 
0.716079 0.661798 
0.715968 0.663148 
0.715858 0.664498 
0.715747 0.665848 
0.715636 0.667198 
0.715525 0.668548 
0.715414 0.669898 
0.715303 0.671247 
0.715192 0.672597 
0.715081 0.673947 
0.71497 0.675297 
0.714859 0.676647 
0.714748 0.677997 
0.714637 0.679347 
0.714526 0.680697 
0.715027 0.681832 
0.715527 0.682967 
0.716028 0.684103 
0.716529 0.685238 
0.717381 0.686317 
0.718234 0.687397 
0.719087 0.688476 
0.719939 0.689556 
0.720792 0.690635 
0.721645 0.691715 
0.722498 0.692794 
0.72335 0.693874 
0.724202 0.69499 
0.725054 0.696107 
0.725906 0.697223 
0.726758 0.69834 
0.72761 0.699457 
0.728462 0.700573 
0.729314 0.70169 
0.730166 0.702806 
0.731018 0.703923 
0.73187 0.70504 
0.732722 0.706156 
0.733542 0.707251 
0.734361 0.708345 
0.735181 0.70944 
0.736001 0.710535 
0.73682 0.711629 
0.73764 0.712724 
0.73846 0.713818 
0.73928 0.714913 
0.740099 0.716008 
0.740919 0.717102 
0.741739 0.718197 
0.742559 0.719291 
0.743378 0.720386 
0.744198 0.721481 
0.745018 0.722575 
0.745837 0.72367 
0.746657 0.724764 
0.747477 0.725859 
0.748297 0.726954 
0.749102 0.727977 
0.749907 0.729 
0.750712 0.730024 
0.751517 0.731047 
0.752322 0.73207 
0.753128 0.733094 
0.753933 0.734117 
0.754738 0.73514 
0.755543 0.736164 
0.756348 0.737187 
0.757153 0.73821 
0.757959 0.739234 
0.758764 0.740376 
0.75957 0.741518 
0.760376 0.742659 
0.761182 0.743801 
0.761988 0.744943 
0.762794 0.746085 
0.763599 0.747227 
0.764405 0.748369 
0.765211 0.749511 
0.766017 0.750653 
0.766823 0.751795 
0.76765 0.752883 
0.768477 0.753972 
0.769304 0.75506 
0.770131 0.756149 
0.770958 0.757237 
0.771785 0.758326 
0.772612 0.759414 
0.773439 0.760503 
0.774266 0.761591 
0.775093 0.76268 
0.77592 0.763768 
0.776747 0.764857 
0.777574 0.765945 
0.7784 0.767034 
0.779227 0.768122 
0.780054 0.76921 
0.780881 0.770299 
0.781728 0.771424 
0.782575 0.772549 
0.783422 0.773674 
0.784268 0.774798 
0.785115 0.775923 
0.785962 0.777048 
0.786809 0.778173 
0.787655 0.779298 
0.788502 0.780423 
0.789349 0.781548 
0.790196 0.782673 
0.791042 0.783797 
0.791889 0.784922 
0.792736 0.786047 
0.793583 0.787172 
0.794429 0.788297 
0.795276 0.789422 
0.796132 0.790405 
0.796988 0.791387 
0.797844 0.79237 
0.7987 0.793353 
0.79983 0.79415 
0.80096 0.794947 
0.80209 0.795744 
0.803221 0.796541 
0.804351 0.797338 
0.805356 0.797828 
0.806361 0.798318 
0.807684 0.798782 
0.809007 0.799247 
0.81033 0.799712 
0.811653 0.800177 
0.812976 0.800642 
0.814299 0.801106 
0.815622 0.801571 
0.816945 0.802036 
0.818268 0.802501 
0.819591 0.802966 
0.820914 0.80343 
0.822237 0.803895 
0.82356 0.80436 
0.824883 0.804825 
0.826206 0.80529 
0.827529 0.805754 
0.828844 0.806186 
0.830159 0.806617 
0.831475 0.807048 
0.83279 0.80748 
0.834105 0.807911 
0.83542 0.808342 
0.836735 0.808774 
0.838051 0.809205 
0.839366 0.809636 
0.840681 0.810067 
0.841996 0.810499 
0.843312 0.81093 
0.844627 0.811361 
0.845942 0.811793 
0.847257 0.812224 
0.848488 0.812616 
0.849719 0.813007 
0.85095 0.813399 
0.852181 0.81379 
0.853412 0.814182 
0.854643 0.814574 
0.855874 0.814965 
0.857105 0.815357 
0.858335 0.815749 
0.859566 0.81614 
0.860831 0.816547 
0.862096 0.816954 
0.863361 0.81736 
0.864626 0.817767 
0.865891 0.818174 
0.867155 0.818581 
0.86842 0.818987 
0.869685 0.819394 
0.87095 0.819801 
0.872215 0.820207 
0.87348 0.820614 
0.87477 0.821048 
0.876059 0.821481 
0.877349 0.821915 
0.878639 0.822348 
0.879929 0.822782 
0.881219 0.823215 
0.882509 0.823649 
0.883799 0.824083 
0.885089 0.824516 
0.886379 0.82495 
0.887669 0.825383 
0.888959 0.825817 
0.890249 0.82625 
0.891539 0.826684 
0.892829 0.827117 
0.894119 0.827551 
0.895409 0.827985 
0.896699 0.828418 
0.897989 0.828852 
0.899278 0.829285 
0.900568 0.829719 
0.901858 0.830152 
0.903053 0.830756 
0.904248 0.83136 
0.905443 0.831964 
0.906638 0.832568 
0.907833 0.833172 
0.909028 0.833776 
0.910223 0.83438 
0.911418 0.834984 
0.912613 0.835588 
0.913808 0.836192 
0.914771 0.837178 
0.915735 0.838164 
0.916699 0.83915 
0.917662 0.840136 
0.918626 0.841122 
0.919334 0.842186 
0.920042 0.843249 
0.92075 0.844313 
0.921458 0.845377 
0.922166 0.846441 
0.922874 0.847504 
0.923582 0.848568 
0.923958 0.849891 
0.924335 0.851213 
0.924712 0.852536 
0.925089 0.853859 
0.925465 0.855182 
0.925842 0.856504 
0.926219 0.857827 
0.926596 0.85915 
0.926919 0.860431 
0.927243 0.861713 
0.927567 0.862994 
0.927891 0.864275 
0.928215 0.865557 
0.928539 0.866838 
0.928863 0.868119 
0.929187 0.869401 
0.929511 0.870682 
0.929835 0.871963 
0.930159 0.873245 
0.930483 0.874526 
0.930794 0.875786 
0.931106 0.877046 
0.931417 0.878307 
0.931729 0.879567 
0.93204 0.880827 
0.932352 0.882087 
0.932663 0.883347 
0.932975 0.884607 
0.933286 0.885867 
0.933598 0.887127 
0.933909 0.888387 
0.93422 0.889647 
0.934573 0.890988 
0.934925 0.892329 
0.935277 0.89367 
0.935629 0.895011 
0.935982 0.896352 
0.936334 0.897693 
0.936686 0.899033 
0.937038 0.900374 
0.93739 0.901715 
0.937743 0.903056 
0.938095 0.904397 
0.938447 0.905738 
0.938821 0.907095 
0.939195 0.908452 
0.939569 0.909809 
0.939943 0.911166 
0.940318 0.912523 
0.940692 0.91388 
0.941066 0.915237 
0.94144 0.916594 
0.941814 0.917951 
0.942188 0.919308 
0.942562 0.920666 
0.942937 0.922023 
0.943311 0.92338 
0.943685 0.924737 
0.944009 0.926061 
0.944333 0.927384 
0.944657 0.928708 
0.944981 0.930032 
0.945306 0.931356 
0.94563 0.93268 
0.945966 0.934012 
0.946302 0.935345 
0.946638 0.936677 
0.946974 0.938009 
0.947311 0.939342 
0.947647 0.940674 
0.947983 0.942006 
0.948319 0.943338 
0.948655 0.944671 
0.948991 0.946003 
0.949328 0.947335 
0.949664 0.948668 
0.95 0.95 

