0.05 0.05 0 
0.0534917 0.0501221 0.0698903 
0.0569663 0.0504877 0.139781 
0.0604069 0.051095 0.209671 
0.0637967 0.0519412 0.279561 
0.0671191 0.053022 0.349452 
0.070358 0.0543321 0.419342 
0.0734974 0.0558653 0.489232 
0.0765221 0.057614 0.559123 
0.0794831 0.0594698 0.559862 
0.0824442 0.0613256 0.559862 
0.0854052 0.0631814 0.559862 
0.0883662 0.0650373 0.559862 
0.0913272 0.0668931 0.559862 
0.0942882 0.0687489 0.559862 
0.0972496 0.0706041 0.554194 
0.100283 0.0723378 0.484303 
0.103434 0.0741447 0.556968 
0.106453 0.0761655 0.60745 
0.109436 0.0782393 0.60745 
0.112419 0.080313 0.60745 
0.115403 0.0823868 0.60745 
0.118386 0.0844605 0.60745 
0.121369 0.0865343 0.60745 
0.124372 0.088579 0.569979 
0.127499 0.0904267 0.497314 
0.130753 0.0920425 0.42465 
0.134115 0.0934179 0.351985 
0.137568 0.0945455 0.279321 
0.141093 0.0954195 0.206656 
0.144673 0.0960352 0.133992 
0.148288 0.0963893 0.0613275 
0.15192 0.0964801 -0.0113369 
0.165743 0.0973372 0.0755355 
0.179559 0.0983827 0.0755355 
0.193374 0.0994283 0.0755355 
0.207189 0.100474 0.0755355 
0.221004 0.101519 0.0755355 
0.234819 0.102565 0.0755355 
0.248638 0.10355 0.0263944 
0.2627 0.104411 0.0636378 
0.276761 0.105307 0.0636378 
0.290822 0.106204 0.0636378 
0.304883 0.1071 0.0636378 
0.318944 0.107996 0.0636378 
0.333005 0.108892 0.0636378 
0.347065 0.109798 0.0838501 
0.357397 0.111484 0.187343 
0.367689 0.113435 0.187343 
0.37798 0.115386 0.187343 
0.388272 0.117337 0.187343 
0.398563 0.119288 0.187343 
0.408855 0.121239 0.187343 
0.419146 0.12319 0.187343 
0.42931 0.125668 0.334685 
0.434248 0.127105 0.231797 
0.439306 0.128027 0.128909 
0.444433 0.128425 0.0260213 
0.449574 0.128294 -0.0768665 
0.454677 0.127659 -0.149466 
0.459764 0.126893 -0.149466 
0.464852 0.126132 -0.135009 
0.469976 0.125703 -0.0321214 
0.475117 0.125802 0.0707664 
0.48887 0.12725 0.107291 
0.502619 0.128731 0.107291 
0.516368 0.130212 0.107291 
0.530128 0.13156 0.0342702 
0.533435 0.131783 0.100567 
0.53672 0.132225 0.166864 
0.539968 0.132883 0.233161 
0.543165 0.133756 0.299458 
0.546298 0.134838 0.365755 
0.549352 0.136125 0.432053 
0.552314 0.137612 0.49835 
0.555171 0.139291 0.564647 
0.55791 0.141157 0.630944 
0.56052 0.143199 0.697241 
0.562989 0.145411 0.763538 
0.565306 0.14778 0.829835 
0.567461 0.150299 0.896132 
0.569479 0.152929 0.921141 
0.571484 0.155568 0.921141 
0.573489 0.158208 0.921141 
0.575494 0.160847 0.921141 
0.577499 0.163487 0.921141 
0.579505 0.166127 0.921141 
0.58151 0.168766 0.921141 
0.583515 0.171406 0.921141 
0.58552 0.174045 0.921141 
0.587525 0.176685 0.921141 
0.58953 0.179325 0.921141 
0.591538 0.181963 0.911382 
0.593654 0.184513 0.845085 
0.601199 0.195793 1.11733 
0.606668 0.208258 1.16084 
0.612093 0.220742 1.16084 
0.617529 0.233222 1.13988 
0.624818 0.244669 0.867633 
0.632714 0.252153 0.649613 
0.641528 0.258568 0.62809 
0.650348 0.264973 0.62809 
0.659169 0.271379 0.62809 
0.667989 0.277784 0.62809 
0.67681 0.284189 0.62809 
0.685631 0.290595 0.62809 
0.694448 0.297005 0.642946 
0.705652 0.305138 0.627491 
0.716859 0.313266 0.627491 
0.728066 0.321395 0.627491 
0.739273 0.329523 0.627491 
0.750481 0.337651 0.627491 
0.761688 0.34578 0.627491 
0.772549 0.354338 0.776113 
0.778256 0.360698 0.860024 
0.783833 0.367176 0.860024 
0.78941 0.373654 0.860024 
0.794987 0.380132 0.860024 
0.800563 0.38661 0.860024 
0.80614 0.393088 0.860024 
0.811483 0.399753 0.969502 
0.813238 0.402155 0.910012 
0.815132 0.404447 0.850522 
0.817159 0.406624 0.791032 
0.819312 0.408675 0.731542 
0.82156 0.410623 0.710105 
0.823816 0.412562 0.710105 
0.826015 0.414564 0.768266 
0.828091 0.416694 0.827756 
0.830037 0.418943 0.887246 
0.831846 0.421303 0.946736 
0.833512 0.423767 1.00623 
0.835027 0.426326 1.06572 
0.836388 0.428971 1.12521 
0.83759 0.431691 1.1847 
0.838627 0.434478 1.24419 
0.839497 0.437322 1.30368 
0.840197 0.440213 1.36317 
0.840723 0.44314 1.42265 
0.841074 0.446093 1.48214 
0.841249 0.449062 1.54163 
0.841248 0.452036 1.60112 
0.841069 0.455005 1.66061 
0.841692 0.468532 1.38895 
0.844695 0.481778 1.34419 
0.847746 0.495014 1.34419 
0.850798 0.50825 1.34419 
0.85385 0.521486 1.34419 
0.856113 0.534855 1.52314 
0.85811 0.546923 1.33327 
0.860994 0.558835 1.33327 
0.863878 0.570747 1.33327 
0.866761 0.582659 1.33327 
0.869645 0.594571 1.33327 
0.872529 0.606483 1.33327 
0.875409 0.618396 1.34613 
0.877412 0.631104 1.42724 
0.879253 0.643839 1.42724 
0.881094 0.656575 1.42724 
0.882935 0.669311 1.42724 
0.884776 0.682047 1.42724 
0.886617 0.694782 1.42724 
0.888382 0.707528 1.48268 
0.89455 0.723035 1.08606 
0.899278 0.733528 1.53614 
0.899495 0.736763 1.47127 
0.899922 0.739978 1.4064 
0.900556 0.743158 1.34154 
0.901395 0.74629 1.27667 
0.902435 0.749361 1.2118 
0.903652 0.752368 1.17669 
0.904898 0.755362 1.17669 
0.906143 0.758357 1.17669 
0.907388 0.761352 1.17669 
0.908634 0.764346 1.17669 
0.909879 0.767341 1.17669 
0.911124 0.770336 1.17669 
0.91237 0.77333 1.17669 
0.913615 0.776325 1.17669 
0.914861 0.77932 1.17669 
0.916175 0.782284 1.12196 
0.917676 0.785159 1.05709 
0.91936 0.78793 0.992229 
0.920675 0.790057 1.04226 
0.921931 0.792221 1.04492 
0.923186 0.794384 1.04492 
0.924442 0.796548 1.04492 
0.925697 0.798711 1.04492 
0.926953 0.800874 1.04492 
0.928209 0.803038 1.04492 
0.929464 0.805201 1.04492 
0.93072 0.807364 1.04492 
0.931976 0.809528 1.04492 
0.933231 0.811691 1.04492 
0.934487 0.813855 1.04492 
0.935742 0.816018 1.04492 
0.936998 0.818181 1.04492 
0.938254 0.820345 1.04492 
0.939509 0.822508 1.04492 
0.940724 0.824695 1.08831 
0.941829 0.826939 1.13834 
0.94282 0.829235 1.18836 
0.943695 0.831578 1.23839 
0.944451 0.833962 1.28842 
0.945088 0.836381 1.33845 
0.945603 0.838828 1.38847 
0.945995 0.841298 1.4385 
0.946263 0.843785 1.48853 
0.946406 0.846282 1.53855 
0.946424 0.848783 1.58858 
0.946317 0.851282 1.63861 
0.946085 0.853772 1.68864 
0.945729 0.856248 1.73866 
0.945249 0.858703 1.78869 
0.944648 0.86113 1.83872 
0.943926 0.863525 1.88875 
0.943085 0.86588 1.93877 
0.942127 0.868191 1.9888 
0.941055 0.87045 2.03883 
0.939871 0.872654 2.08886 
0.938578 0.874795 2.13888 
0.93718 0.876869 2.18891 
0.937371 0.876612 2.15764 
0.936526 0.877927 2.12637 
0.935722 0.879269 2.0951 
0.934961 0.880634 2.06383 
0.934242 0.882023 2.03256 
0.933568 0.883433 2.00129 
0.932937 0.884864 1.97002 
0.932352 0.886314 1.93875 
0.931813 0.887781 1.90748 
0.931319 0.889265 1.87621 
0.930873 0.890763 1.84494 
0.930473 0.892274 1.81367 
0.930121 0.893798 1.7824 
0.929816 0.895331 1.75113 
0.92956 0.896873 1.71986 
0.929352 0.898423 1.68859 
0.929193 0.899978 1.65732 
0.929082 0.901538 1.62605 
0.92902 0.9031 1.59478 
0.929007 0.904663 1.56351 
0.929043 0.906226 1.53224 
0.929127 0.907788 1.50097 
0.929261 0.909345 1.4697 
0.929443 0.910898 1.43843 
0.929674 0.912445 1.40716 
0.929952 0.913983 1.37589 
0.930279 0.915512 1.34462 
0.930654 0.91703 1.31335 
0.931075 0.918535 1.28208 
0.931544 0.920027 1.25081 
0.932059 0.921503 1.21954 
0.932619 0.922963 1.18827 
0.933226 0.924404 1.157 
0.933877 0.925825 1.12573 
0.934572 0.927226 1.09446 
0.93531 0.928604 1.06319 
0.936091 0.929958 1.03192 
0.936915 0.931287 1.00064 
0.937779 0.93259 0.969375 
0.938684 0.933865 0.938105 
0.939628 0.935111 0.906835 
0.94061 0.936327 0.875564 
0.941631 0.937512 0.844294 
0.942687 0.938664 0.813024 
0.943779 0.939783 0.781754 
0.944906 0.940867 0.750484 
0.946066 0.941915 0.719214 
0.947258 0.942927 0.687943 
0.948481 0.9439 0.656673 
0.949734 0.944835 0.625403 
0.951016 0.945731 0.594133 
0.952325 0.946586 0.562863 
0.95366 0.947399 0.531593 
0.95502 0.94817 0.500322 
0.956404 0.948899 0.469052 
0.957809 0.949584 0.437782 
0.959235 0.950224 0.406512 
0.960681 0.95082 0.375242 
0.962144 0.95137 0.343972 
0.963624 0.951874 0.312702 
0.963887 0.951967 0.281431 
0.962378 0.951556 0.250161 
0.960857 0.951193 0.218891 
0.959326 0.950877 0.187621 
0.957786 0.95061 0.156351 
0.956238 0.950391 0.125081 
0.954684 0.95022 0.0938105 
0.953125 0.950098 0.0625403 
0.951563 0.950024 0.0312702 
0.95 0.95 0 

