0.05 0.05 
0.0504794 0.0513256 
0.0509588 0.0526511 
0.0514382 0.0539767 
0.0519176 0.0553022 
0.052397 0.0566278 
0.0528764 0.0579534 
0.0533558 0.0592789 
0.0538352 0.0606045 
0.0543146 0.0619301 
0.054794 0.0632556 
0.0552734 0.0645812 
0.0557528 0.0659067 
0.0562322 0.0672323 
0.0567116 0.0685579 
0.057191 0.0698834 
0.0576703 0.071209 
0.0581497 0.0725345 
0.0586291 0.0738601 
0.0591085 0.0751857 
0.0595879 0.0765112 
0.0600673 0.0778368 
0.0605467 0.0791624 
0.0610261 0.0804879 
0.0615055 0.0818135 
0.0619849 0.083139 
0.0624643 0.0844646 
0.0629437 0.0857902 
0.0634231 0.0871157 
0.0639025 0.0884413 
0.0643819 0.0897668 
0.0648613 0.0910924 
0.0653407 0.092418 
0.0658201 0.0937435 
0.0662995 0.0950691 
0.0667789 0.0963947 
0.0672583 0.0977202 
0.0677377 0.0990458 
0.0682171 0.100371 
0.0686965 0.101697 
0.0691759 0.103022 
0.0696553 0.104348 
0.0701347 0.105674 
0.0706141 0.106999 
0.0710935 0.108325 
0.0715729 0.10965 
0.0720523 0.110976 
0.0725317 0.112301 
0.073011 0.113627 
0.0734904 0.114953 
0.0739698 0.116278 
0.0744492 0.117604 
0.0749286 0.118929 
0.075408 0.120255 
0.0758874 0.12158 
0.0763668 0.122906 
0.0768462 0.124231 
0.0773256 0.125557 
0.077805 0.126883 
0.0782844 0.128208 
0.0787638 0.129534 
0.0792432 0.130859 
0.0797226 0.132185 
0.080202 0.13351 
0.0806814 0.134836 
0.0811608 0.136161 
0.0816402 0.137487 
0.0821196 0.138813 
0.082599 0.140138 
0.0830784 0.141464 
0.0835578 0.142789 
0.0840372 0.144115 
0.0845166 0.14544 
0.084996 0.146766 
0.0854754 0.148092 
0.0859548 0.149417 
0.0864342 0.150743 
0.0869136 0.152068 
0.087393 0.153394 
0.0878723 0.154719 
0.0883517 0.156045 
0.0888311 0.15737 
0.0893105 0.158696 
0.0897899 0.160022 
0.0902693 0.161347 
0.0907487 0.162673 
0.0912281 0.163998 
0.0917075 0.165324 
0.0921869 0.166649 
0.0926663 0.167975 
0.0931457 0.169301 
0.0936251 0.170626 
0.0941045 0.171952 
0.0945839 0.173277 
0.0950633 0.174603 
0.0955427 0.175928 
0.0960221 0.177254 
0.0965015 0.178579 
0.0969809 0.179905 
0.0974603 0.181231 
0.0979397 0.182556 
0.0984191 0.183882 
0.0988985 0.185207 
0.0993779 0.186533 
0.0998573 0.187858 
0.100337 0.189184 
0.100816 0.19051 
0.101295 0.191835 
0.101775 0.193161 
0.102254 0.194486 
0.102734 0.195812 
0.103213 0.197137 
0.103692 0.198463 
0.104172 0.199788 
0.104651 0.201114 
0.105131 0.20244 
0.10561 0.203765 
0.106089 0.205091 
0.106569 0.206416 
0.107048 0.207742 
0.108047 0.208718 
0.109045 0.209693 
0.110044 0.210669 
0.111043 0.211645 
0.112041 0.212621 
0.11304 0.213597 
0.114038 0.214573 
0.115037 0.215548 
0.116036 0.216524 
0.117034 0.2175 
0.118033 0.218476 
0.119031 0.219452 
0.12003 0.220427 
0.121029 0.221403 
0.122027 0.222379 
0.123026 0.223355 
0.124025 0.224331 
0.125023 0.225306 
0.126022 0.226282 
0.12702 0.227258 
0.128019 0.228234 
0.129018 0.22921 
0.130016 0.230185 
0.131015 0.231161 
0.132013 0.232137 
0.133012 0.233113 
0.134011 0.234089 
0.135009 0.235065 
0.136008 0.23604 
0.137006 0.237016 
0.138005 0.237992 
0.139004 0.238968 
0.140002 0.239944 
0.141001 0.240919 
0.141999 0.241895 
0.142998 0.242871 
0.143997 0.243847 
0.144995 0.244823 
0.145994 0.245798 
0.146992 0.246774 
0.147991 0.24775 
0.14899 0.248726 
0.149988 0.249702 
0.150987 0.250678 
0.151985 0.251653 
0.152984 0.252629 
0.153983 0.253605 
0.154981 0.254581 
0.15598 0.255557 
0.156978 0.256532 
0.157977 0.257508 
0.158976 0.258484 
0.159974 0.25946 
0.160973 0.260436 
0.161971 0.261411 
0.16297 0.262387 
0.163969 0.263363 
0.164967 0.264339 
0.165966 0.265315 
0.166965 0.266291 
0.167963 0.267266 
0.168962 0.268242 
0.16996 0.269218 
0.170959 0.270194 
0.171958 0.27117 
0.172956 0.272145 
0.173955 0.273121 
0.174953 0.274097 
0.175952 0.275073 
0.176951 0.276049 
0.177949 0.277024 
0.178373 0.278364 
0.178797 0.279703 
0.179221 0.281042 
0.179645 0.282381 
0.180069 0.28372 
0.180493 0.285059 
0.180917 0.286399 
0.181341 0.287738 
0.181765 0.289077 
0.182189 0.290416 
0.182613 0.291755 
0.183037 0.293094 
0.183461 0.294433 
0.183885 0.295773 
0.184309 0.297112 
0.184733 0.298451 
0.185157 0.29979 
0.185581 0.301129 
0.186005 0.302468 
0.186429 0.303808 
0.186853 0.305147 
0.187277 0.306486 
0.187701 0.307825 
0.188125 0.309164 
0.188549 0.310503 
0.188973 0.311842 
0.189397 0.313182 
0.189821 0.314521 
0.190245 0.31586 
0.190669 0.317199 
0.191093 0.318538 
0.191517 0.319877 
0.191941 0.321216 
0.192365 0.322556 
0.192789 0.323895 
0.193213 0.325234 
0.193637 0.326573 
0.194061 0.327912 
0.194485 0.329251 
0.194909 0.330591 
0.195333 0.33193 
0.195757 0.333269 
0.196181 0.334608 
0.196605 0.335947 
0.197029 0.337286 
0.197454 0.338625 
0.197878 0.339965 
0.198302 0.341304 
0.198726 0.342643 
0.19915 0.343982 
0.199574 0.345321 
0.199998 0.34666 
0.200422 0.348 
0.200846 0.349339 
0.20127 0.350678 
0.201694 0.352017 
0.202118 0.353356 
0.202542 0.354695 
0.202966 0.356034 
0.20339 0.357374 
0.203814 0.358713 
0.204238 0.360052 
0.204662 0.361391 
0.205086 0.36273 
0.20551 0.364069 
0.205934 0.365409 
0.206358 0.366748 
0.206782 0.368087 
0.207206 0.369426 
0.20763 0.370765 
0.208054 0.372104 
0.208478 0.373443 
0.208902 0.374783 
0.209326 0.376122 
0.20975 0.377461 
0.210174 0.3788 
0.210598 0.380139 
0.211022 0.381478 
0.211446 0.382817 
0.21187 0.384157 
0.212294 0.385496 
0.212718 0.386835 
0.213142 0.388174 
0.213566 0.389513 
0.21399 0.390852 
0.214414 0.392192 
0.214838 0.393531 
0.215262 0.39487 
0.215686 0.396209 
0.21611 0.397548 
0.216534 0.398887 
0.216958 0.400226 
0.217382 0.401566 
0.217806 0.402905 
0.21823 0.404244 
0.218654 0.405583 
0.219078 0.406922 
0.219502 0.408261 
0.219926 0.409601 
0.22035 0.41094 
0.220774 0.412279 
0.221198 0.413618 
0.221622 0.414957 
0.222046 0.416296 
0.22247 0.417635 
0.222894 0.418975 
0.223318 0.420314 
0.223742 0.421653 
0.224166 0.422992 
0.22459 0.424331 
0.225014 0.42567 
0.225438 0.42701 
0.225862 0.428349 
0.226286 0.429688 
0.22671 0.431027 
0.227134 0.432366 
0.227558 0.433705 
0.227982 0.435044 
0.228406 0.436384 
0.22883 0.437723 
0.229254 0.439062 
0.229678 0.440401 
0.230453 0.441559 
0.231227 0.442716 
0.232002 0.443874 
0.232776 0.445031 
0.233551 0.446189 
0.234326 0.447347 
0.2351 0.448504 
0.235875 0.449662 
0.236649 0.450819 
0.237424 0.451977 
0.238199 0.453134 
0.238973 0.454292 
0.239748 0.45545 
0.240522 0.456607 
0.241297 0.457765 
0.242072 0.458922 
0.242846 0.46008 
0.243621 0.461237 
0.244395 0.462395 
0.24517 0.463553 
0.245945 0.46471 
0.246719 0.465868 
0.247494 0.467025 
0.248268 0.468183 
0.249043 0.46934 
0.249818 0.470498 
0.250592 0.471656 
0.251367 0.472813 
0.252141 0.473971 
0.252916 0.475128 
0.253691 0.476286 
0.254465 0.477444 
0.25524 0.478601 
0.256014 0.479759 
0.256789 0.480916 
0.257564 0.482074 
0.258338 0.483231 
0.259113 0.484389 
0.259887 0.485547 
0.260662 0.486704 
0.261437 0.487862 
0.262211 0.489019 
0.262986 0.490177 
0.26376 0.491334 
0.264535 0.492492 
0.26531 0.49365 
0.266084 0.494807 
0.266859 0.495965 
0.26706 0.497354 
0.267262 0.498744 
0.267464 0.500133 
0.267665 0.501523 
0.267867 0.502912 
0.268069 0.504302 
0.26827 0.505691 
0.268472 0.507081 
0.268674 0.50847 
0.268875 0.50986 
0.269077 0.511249 
0.269279 0.512639 
0.26948 0.514028 
0.269682 0.515418 
0.269884 0.516807 
0.270085 0.518197 
0.270287 0.519586 
0.270488 0.520976 
0.27069 0.522365 
0.270892 0.523755 
0.271093 0.525144 
0.271295 0.526534 
0.271497 0.527923 
0.271698 0.529313 
0.2719 0.530702 
0.272102 0.532092 
0.272303 0.533481 
0.272505 0.534871 
0.272707 0.53626 
0.272908 0.53765 
0.27311 0.539039 
0.273312 0.540429 
0.273513 0.541818 
0.273715 0.543208 
0.273917 0.544597 
0.274118 0.545987 
0.27432 0.547376 
0.274522 0.548766 
0.274723 0.550155 
0.274925 0.551545 
0.275127 0.552934 
0.275328 0.554324 
0.27553 0.555713 
0.275731 0.557103 
0.275933 0.558492 
0.276135 0.559882 
0.276336 0.561271 
0.276538 0.562661 
0.27674 0.56405 
0.276941 0.56544 
0.277143 0.566829 
0.277345 0.568219 
0.277546 0.569608 
0.277748 0.570998 
0.27795 0.572387 
0.278151 0.573777 
0.278353 0.575166 
0.278555 0.576556 
0.278756 0.577945 
0.278958 0.579335 
0.27916 0.580724 
0.279361 0.582114 
0.279563 0.583503 
0.279765 0.584893 
0.279966 0.586282 
0.280168 0.587672 
0.280369 0.589061 
0.280571 0.590451 
0.280773 0.59184 
0.280974 0.59323 
0.281176 0.594619 
0.281378 0.596009 
0.281579 0.597398 
0.281781 0.598788 
0.281983 0.600177 
0.282184 0.601567 
0.282386 0.602956 
0.282588 0.604346 
0.282789 0.605735 
0.282991 0.607125 
0.283193 0.608514 
0.283394 0.609904 
0.283596 0.611293 
0.283798 0.612683 
0.283999 0.614072 
0.284201 0.615462 
0.284403 0.616851 
0.284604 0.618241 
0.284806 0.61963 
0.285008 0.62102 
0.285209 0.622409 
0.285411 0.623799 
0.285612 0.625188 
0.285814 0.626578 
0.286016 0.627967 
0.286217 0.629357 
0.286419 0.630746 
0.286621 0.632136 
0.286822 0.633525 
0.287024 0.634915 
0.287574 0.636193 
0.288123 0.637471 
0.288673 0.63875 
0.289223 0.640028 
0.289772 0.641306 
0.290322 0.642584 
0.290872 0.643863 
0.291421 0.645141 
0.291971 0.646419 
0.29252 0.647697 
0.29307 0.648976 
0.29362 0.650254 
0.294169 0.651532 
0.294719 0.65281 
0.295269 0.654089 
0.295818 0.655367 
0.296368 0.656645 
0.296918 0.657923 
0.297467 0.659202 
0.298017 0.66048 
0.298567 0.661758 
0.299116 0.663036 
0.299666 0.664315 
0.300215 0.665593 
0.300765 0.666871 
0.301315 0.668149 
0.301864 0.669428 
0.302414 0.670706 
0.302964 0.671984 
0.303513 0.673262 
0.304063 0.674541 
0.304613 0.675819 
0.305162 0.677097 
0.305712 0.678375 
0.306262 0.679654 
0.306811 0.680932 
0.307361 0.68221 
0.30791 0.683488 
0.30846 0.684767 
0.30901 0.686045 
0.309559 0.687323 
0.310109 0.688601 
0.310659 0.68988 
0.311208 0.691158 
0.311758 0.692436 
0.312308 0.693714 
0.312857 0.694993 
0.313407 0.696271 
0.313957 0.697549 
0.314506 0.698827 
0.315056 0.700106 
0.315605 0.701384 
0.316155 0.702662 
0.316705 0.70394 
0.317254 0.705219 
0.317804 0.706497 
0.318527 0.70771 
0.31925 0.708922 
0.319972 0.710135 
0.320695 0.711348 
0.321418 0.71256 
0.322141 0.713773 
0.322863 0.714986 
0.323586 0.716198 
0.324309 0.717411 
0.325032 0.718624 
0.325755 0.719836 
0.326477 0.721049 
0.3272 0.722262 
0.327923 0.723474 
0.328646 0.724687 
0.329368 0.7259 
0.330091 0.727112 
0.330814 0.728325 
0.331537 0.729538 
0.33226 0.73075 
0.332982 0.731963 
0.333705 0.733176 
0.334428 0.734389 
0.335151 0.735601 
0.335873 0.736814 
0.336596 0.738027 
0.337319 0.739239 
0.338042 0.740452 
0.338765 0.741665 
0.339487 0.742877 
0.34021 0.74409 
0.340933 0.745303 
0.341656 0.746515 
0.342378 0.747728 
0.343101 0.748941 
0.343824 0.750153 
0.344547 0.751366 
0.34527 0.752579 
0.345992 0.753791 
0.346715 0.755004 
0.347438 0.756217 
0.348161 0.757429 
0.348883 0.758642 
0.349606 0.759855 
0.350329 0.761067 
0.351052 0.76228 
0.351775 0.763493 
0.352497 0.764705 
0.35322 0.765918 
0.353943 0.767131 
0.354666 0.768343 
0.355388 0.769556 
0.356111 0.770769 
0.356834 0.771981 
0.357557 0.773194 
0.358279 0.774407 
0.359002 0.77562 
0.359725 0.776832 
0.360448 0.778045 
0.361171 0.779258 
0.361893 0.78047 
0.362616 0.781683 
0.363339 0.782896 
0.364062 0.784108 
0.364784 0.785321 
0.365507 0.786534 
0.36623 0.787746 
0.366953 0.788959 
0.367676 0.790172 
0.368398 0.791384 
0.369121 0.792597 
0.369844 0.79381 
0.370567 0.795022 
0.371289 0.796235 
0.372012 0.797448 
0.372735 0.79866 
0.373458 0.799873 
0.374181 0.801086 
0.374903 0.802298 
0.375626 0.803511 
0.376349 0.804724 
0.377072 0.805936 
0.377794 0.807149 
0.378517 0.808362 
0.37924 0.809574 
0.379963 0.810787 
0.380686 0.812 
0.381408 0.813212 
0.382131 0.814425 
0.382854 0.815638 
0.383577 0.816851 
0.384299 0.818063 
0.385022 0.819276 
0.385745 0.820489 
0.386468 0.821701 
0.387191 0.822914 
0.387913 0.824127 
0.388636 0.825339 
0.389359 0.826552 
0.390082 0.827765 
0.390804 0.828977 
0.391527 0.83019 
0.39225 0.831403 
0.392973 0.832615 
0.393696 0.833828 
0.394418 0.835041 
0.395141 0.836253 
0.395864 0.837466 
0.396587 0.838679 
0.397309 0.839891 
0.398032 0.841104 
0.398755 0.842317 
0.399478 0.843529 
0.400859 0.843234 
0.402241 0.842938 
0.403622 0.842642 
0.405004 0.842346 
0.406385 0.842051 
0.407767 0.841755 
0.409148 0.841459 
0.41053 0.841164 
0.411911 0.840868 
0.413293 0.840572 
0.414674 0.840276 
0.416056 0.839981 
0.417437 0.839685 
0.418818 0.839389 
0.4202 0.839093 
0.421581 0.838798 
0.422963 0.838502 
0.424344 0.838206 
0.425726 0.83791 
0.427107 0.837615 
0.428489 0.837319 
0.42987 0.837023 
0.431252 0.836728 
0.432633 0.836432 
0.434015 0.836136 
0.435396 0.83584 
0.436778 0.835545 
0.438159 0.835249 
0.439541 0.834953 
0.440922 0.834657 
0.442304 0.834362 
0.443685 0.834066 
0.445067 0.83377 
0.446448 0.833474 
0.44783 0.833179 
0.449211 0.832883 
0.450593 0.832587 
0.451974 0.832292 
0.453356 0.831996 
0.454737 0.8317 
0.456119 0.831404 
0.4575 0.831109 
0.458881 0.830813 
0.460263 0.830517 
0.461644 0.830221 
0.463026 0.829926 
0.464407 0.82963 
0.465789 0.829334 
0.46717 0.829039 
0.468552 0.828743 
0.469933 0.828447 
0.471315 0.828151 
0.472696 0.827856 
0.474078 0.82756 
0.475459 0.827264 
0.476841 0.826968 
0.478222 0.826673 
0.479604 0.826377 
0.480985 0.826081 
0.482367 0.825785 
0.483748 0.82549 
0.48513 0.825194 
0.486511 0.824898 
0.487893 0.824603 
0.489274 0.824307 
0.490656 0.824011 
0.492037 0.823715 
0.493419 0.82342 
0.4948 0.823124 
0.496182 0.822828 
0.497563 0.822532 
0.498945 0.822237 
0.500326 0.821941 
0.501707 0.821645 
0.503089 0.821349 
0.50447 0.821054 
0.505852 0.820758 
0.507233 0.820462 
0.508615 0.820167 
0.509996 0.819871 
0.511378 0.819575 
0.512759 0.819279 
0.514141 0.818984 
0.515522 0.818688 
0.516904 0.818392 
0.518285 0.818096 
0.519667 0.817801 
0.521048 0.817505 
0.52243 0.817209 
0.522272 0.818611 
0.522115 0.820014 
0.521957 0.821416 
0.5218 0.822818 
0.521642 0.82422 
0.521485 0.825622 
0.521327 0.827024 
0.52117 0.828427 
0.521012 0.829829 
0.520855 0.831231 
0.520697 0.832633 
0.52054 0.834035 
0.520382 0.835437 
0.520225 0.836839 
0.520067 0.838242 
0.51991 0.839644 
0.519752 0.841046 
0.519595 0.842448 
0.519437 0.84385 
0.51928 0.845252 
0.519122 0.846655 
0.518965 0.848057 
0.518807 0.849459 
0.51865 0.850861 
0.518492 0.852263 
0.518335 0.853665 
0.518177 0.855068 
0.51802 0.85647 
0.517862 0.857872 
0.517705 0.859274 
0.517547 0.860676 
0.51739 0.862078 
0.517232 0.863481 
0.517074 0.864883 
0.516917 0.866285 
0.516759 0.867687 
0.516602 0.869089 
0.516444 0.870491 
0.516287 0.871894 
0.516129 0.873296 
0.515972 0.874698 
0.515814 0.8761 
0.515657 0.877502 
0.515499 0.878904 
0.515342 0.880306 
0.515184 0.881709 
0.515027 0.883111 
0.514869 0.884513 
0.514712 0.885915 
0.514554 0.887317 
0.514397 0.888719 
0.514239 0.890122 
0.514082 0.891524 
0.513924 0.892926 
0.513767 0.894328 
0.513609 0.89573 
0.513452 0.897132 
0.513294 0.898535 
0.513137 0.899937 
0.512979 0.901339 
0.512822 0.902741 
0.512664 0.904143 
0.512507 0.905545 
0.512349 0.906948 
0.512192 0.90835 
0.512034 0.909752 
0.511877 0.911154 
0.511719 0.912556 
0.511562 0.913958 
0.511404 0.915361 
0.511247 0.916763 
0.511089 0.918165 
0.510932 0.919567 
0.510774 0.920969 
0.510617 0.922371 
0.510459 0.923774 
0.510302 0.925176 
0.510144 0.926578 
0.509987 0.92798 
0.509829 0.929382 
0.511108 0.929968 
0.512387 0.930554 
0.513666 0.93114 
0.514945 0.931726 
0.516224 0.932312 
0.517503 0.932898 
0.518782 0.933484 
0.520061 0.93407 
0.52134 0.934656 
0.522619 0.935242 
0.523898 0.935828 
0.525177 0.936414 
0.526456 0.937 
0.527735 0.937586 
0.529013 0.938172 
0.530292 0.938758 
0.531571 0.939344 
0.53285 0.93993 
0.534129 0.940516 
0.535408 0.941102 
0.536687 0.941688 
0.537966 0.942274 
0.539245 0.94286 
0.540524 0.943446 
0.541803 0.944032 
0.543082 0.944618 
0.544361 0.945204 
0.54564 0.94579 
0.546919 0.946376 
0.548198 0.946962 
0.549477 0.947548 
0.550756 0.948133 
0.552035 0.948719 
0.553443 0.948779 
0.554852 0.948838 
0.55626 0.948897 
0.557668 0.948956 
0.559077 0.949016 
0.560485 0.949075 
0.561894 0.949134 
0.563302 0.949193 
0.564711 0.949252 
0.566119 0.949312 
0.567528 0.949371 
0.568936 0.94943 
0.570345 0.949489 
0.571753 0.949548 
0.573161 0.949608 
0.57457 0.949667 
0.575978 0.949726 
0.577387 0.949785 
0.578795 0.949845 
0.580204 0.949904 
0.581612 0.949963 
0.583021 0.950022 
0.584429 0.950081 
0.585838 0.950141 
0.587246 0.9502 
0.588654 0.950259 
0.590063 0.950318 
0.591471 0.950377 
0.59288 0.950437 
0.594288 0.950496 
0.595697 0.950555 
0.597105 0.950614 
0.598514 0.950674 
0.599922 0.950733 
0.601331 0.950792 
0.602739 0.950851 
0.604147 0.95091 
0.605556 0.95097 
0.606964 0.951029 
0.608373 0.951088 
0.609781 0.951147 
0.61119 0.951206 
0.612598 0.951266 
0.614007 0.951325 
0.615415 0.951384 
0.616824 0.951443 
0.618232 0.951503 
0.61964 0.951562 
0.621049 0.951621 
0.622457 0.95168 
0.623866 0.951739 
0.625274 0.951799 
0.626683 0.951858 
0.628091 0.951917 
0.6295 0.951976 
0.630908 0.952036 
0.632317 0.952095 
0.633725 0.952154 
0.635133 0.952213 
0.636542 0.952272 
0.63795 0.952332 
0.639359 0.952391 
0.640767 0.95245 
0.642176 0.952509 
0.643584 0.952568 
0.644993 0.952628 
0.646401 0.952687 
0.64781 0.952746 
0.649218 0.952805 
0.650626 0.952865 
0.652035 0.952924 
0.653443 0.952983 
0.654852 0.953042 
0.65626 0.953101 
0.657669 0.953161 
0.659077 0.95322 
0.660486 0.953279 
0.661894 0.953338 
0.663303 0.953397 
0.664711 0.953457 
0.666119 0.953516 
0.667528 0.953575 
0.668936 0.953634 
0.670345 0.953694 
0.671753 0.953753 
0.673162 0.953812 
0.67457 0.953871 
0.675979 0.95393 
0.677387 0.95399 
0.678796 0.954049 
0.680204 0.954108 
0.681612 0.954167 
0.683021 0.954226 
0.684429 0.954286 
0.685838 0.954345 
0.687246 0.954404 
0.688655 0.954463 
0.690063 0.954523 
0.691472 0.954582 
0.69288 0.954641 
0.694289 0.9547 
0.695697 0.954759 
0.697105 0.954819 
0.698514 0.954878 
0.699922 0.954937 
0.701331 0.954996 
0.702739 0.955055 
0.704148 0.955115 
0.705556 0.955174 
0.706965 0.955233 
0.708373 0.955292 
0.709782 0.955352 
0.71119 0.955411 
0.712598 0.95547 
0.714007 0.955529 
0.715415 0.955588 
0.716824 0.955648 
0.718232 0.955707 
0.719641 0.955766 
0.721049 0.955825 
0.722458 0.955884 
0.723866 0.955944 
0.725275 0.956003 
0.726683 0.956062 
0.728091 0.956121 
0.7295 0.956181 
0.730908 0.95624 
0.732317 0.956299 
0.733725 0.956358 
0.735134 0.956417 
0.736542 0.956477 
0.737951 0.956536 
0.739359 0.956595 
0.740768 0.956654 
0.742176 0.956713 
0.743584 0.956773 
0.744993 0.956832 
0.746401 0.956891 
0.74781 0.95695 
0.749218 0.95701 
0.750627 0.957069 
0.752035 0.957128 
0.753444 0.957187 
0.754852 0.957246 
0.756261 0.957306 
0.757669 0.957365 
0.759077 0.957424 
0.760486 0.957483 
0.761894 0.957542 
0.763303 0.957602 
0.764711 0.957661 
0.76612 0.95772 
0.767528 0.957779 
0.768937 0.957839 
0.770345 0.957898 
0.771753 0.957957 
0.773162 0.958016 
0.774565 0.957953 
0.775969 0.957889 
0.777372 0.957825 
0.778776 0.957762 
0.780179 0.957698 
0.781583 0.957634 
0.782986 0.957571 
0.78439 0.957507 
0.785793 0.957444 
0.787197 0.95738 
0.7886 0.957316 
0.790004 0.957253 
0.791407 0.957189 
0.792811 0.957126 
0.794214 0.957062 
0.795618 0.956998 
0.797021 0.956935 
0.798425 0.956871 
0.799828 0.956807 
0.801231 0.956744 
0.802635 0.95668 
0.804038 0.956617 
0.805442 0.956553 
0.806845 0.956489 
0.808249 0.956426 
0.809652 0.956362 
0.811056 0.956298 
0.812459 0.956235 
0.813863 0.956171 
0.815266 0.956108 
0.81667 0.956044 
0.818073 0.95598 
0.819477 0.955917 
0.82088 0.955853 
0.822284 0.955789 
0.823687 0.955726 
0.825091 0.955662 
0.826494 0.955599 
0.827898 0.955535 
0.829301 0.955471 
0.830704 0.955408 
0.832108 0.955344 
0.833511 0.955281 
0.834915 0.955217 
0.836318 0.955153 
0.837722 0.95509 
0.839125 0.955026 
0.840529 0.954962 
0.841932 0.954899 
0.843336 0.954835 
0.844739 0.954772 
0.846143 0.954708 
0.847546 0.954644 
0.84895 0.954581 
0.850353 0.954517 
0.851757 0.954453 
0.85316 0.95439 
0.854564 0.954326 
0.855967 0.954263 
0.857371 0.954199 
0.858774 0.954135 
0.860177 0.954072 
0.861581 0.954008 
0.862984 0.953944 
0.864388 0.953881 
0.865791 0.953817 
0.867195 0.953754 
0.868598 0.95369 
0.870002 0.953626 
0.871405 0.953563 
0.872809 0.953499 
0.874212 0.953436 
0.875616 0.953372 
0.877019 0.953308 
0.878423 0.953245 
0.879826 0.953181 
0.88123 0.953117 
0.882633 0.953054 
0.884037 0.95299 
0.88544 0.952927 
0.886844 0.952863 
0.888247 0.952799 
0.889651 0.952736 
0.891054 0.952672 
0.892457 0.952608 
0.893861 0.952545 
0.895264 0.952481 
0.896668 0.952418 
0.898071 0.952354 
0.899475 0.95229 
0.900878 0.952227 
0.902282 0.952163 
0.903685 0.952099 
0.905089 0.952036 
0.906492 0.951972 
0.907896 0.951909 
0.909299 0.951845 
0.910703 0.951781 
0.912106 0.951718 
0.91351 0.951654 
0.914913 0.951591 
0.916317 0.951527 
0.91772 0.951463 
0.919124 0.9514 
0.920527 0.951336 
0.92193 0.951272 
0.923334 0.951209 
0.924737 0.951145 
0.926141 0.951082 
0.927544 0.951018 
0.928948 0.950954 
0.930351 0.950891 
0.931755 0.950827 
0.933158 0.950763 
0.934562 0.9507 
0.935965 0.950636 
0.937369 0.950573 
0.938772 0.950509 
0.940176 0.950445 
0.941579 0.950382 
0.942983 0.950318 
0.944386 0.950254 
0.94579 0.950191 
0.947193 0.950127 
0.948597 0.950064 
0.95 0.95 

