0.05 0.05 
0.0512342 0.0506838 
0.0524683 0.0513677 
0.0537025 0.0520515 
0.0549367 0.0527354 
0.0561708 0.0534192 
0.057405 0.0541031 
0.0586392 0.0547869 
0.0598733 0.0554708 
0.0611075 0.0561546 
0.0623416 0.0568385 
0.0635758 0.0575223 
0.06481 0.0582062 
0.0660441 0.05889 
0.0672783 0.0595739 
0.0685125 0.0602577 
0.0697466 0.0609416 
0.0709808 0.0616254 
0.072215 0.0623093 
0.0734491 0.0629931 
0.0746833 0.063677 
0.0759175 0.0643608 
0.0771516 0.0650447 
0.0783858 0.0657285 
0.07962 0.0664124 
0.0808541 0.0670962 
0.0820883 0.0677801 
0.0833225 0.0684639 
0.0845566 0.0691478 
0.0857908 0.0698316 
0.0870249 0.0705155 
0.0882591 0.0711993 
0.0894933 0.0718832 
0.0907274 0.072567 
0.0919616 0.0732509 
0.0931958 0.0739347 
0.0944299 0.0746186 
0.0956641 0.0753024 
0.0968983 0.0759863 
0.0981324 0.0766701 
0.0993666 0.077354 
0.100601 0.0780378 
0.101835 0.0787217 
0.103069 0.0794055 
0.104303 0.0800894 
0.105537 0.0807732 
0.106772 0.0814571 
0.108006 0.0821409 
0.10924 0.0828248 
0.110474 0.0835086 
0.111708 0.0841925 
0.112942 0.0848763 
0.114177 0.0855602 
0.115411 0.086244 
0.116645 0.0869279 
0.117879 0.0876117 
0.119113 0.0882956 
0.120347 0.0889794 
0.121582 0.0896633 
0.122816 0.0903471 
0.12405 0.091031 
0.125284 0.0917148 
0.126518 0.0923987 
0.127752 0.0930825 
0.128987 0.0937664 
0.130221 0.0944502 
0.131455 0.0951341 
0.132689 0.0958179 
0.133923 0.0965018 
0.135157 0.0971856 
0.136392 0.0978695 
0.137626 0.0985533 
0.13886 0.0992372 
0.140094 0.099921 
0.141328 0.100605 
0.142562 0.101289 
0.143797 0.101973 
0.145129 0.101538 
0.146461 0.101103 
0.147793 0.100668 
0.149125 0.100233 
0.150457 0.0997984 
0.151789 0.0993636 
0.153121 0.0989288 
0.154453 0.098494 
0.155786 0.0980592 
0.157118 0.0976243 
0.15845 0.0971895 
0.159782 0.0967547 
0.161114 0.0963199 
0.162446 0.095885 
0.163778 0.0954502 
0.16511 0.0950154 
0.166443 0.0945806 
0.167775 0.0941457 
0.169107 0.0937109 
0.170439 0.0932761 
0.171771 0.0928413 
0.173103 0.0924065 
0.174435 0.0919716 
0.175767 0.0915368 
0.1771 0.091102 
0.178432 0.0906672 
0.179764 0.0902323 
0.181096 0.0897975 
0.182428 0.0893627 
0.18376 0.0889279 
0.185092 0.088493 
0.186424 0.0880582 
0.187757 0.0876234 
0.189089 0.0871886 
0.190421 0.0867538 
0.191753 0.0863189 
0.193085 0.0858841 
0.194417 0.0854493 
0.195749 0.0850145 
0.197081 0.0845796 
0.198413 0.0841448 
0.199746 0.08371 
0.201078 0.0832752 
0.20241 0.0828403 
0.203742 0.0824055 
0.205074 0.0819707 
0.206406 0.0815359 
0.207738 0.0811011 
0.20907 0.0806662 
0.210403 0.0802314 
0.211735 0.0797966 
0.213067 0.0793618 
0.214399 0.0789269 
0.215731 0.0784921 
0.217063 0.0780573 
0.218395 0.0776225 
0.219727 0.0771876 
0.22106 0.0767528 
0.222392 0.076318 
0.223724 0.0758832 
0.225056 0.0754484 
0.226388 0.0750135 
0.22772 0.0745787 
0.229052 0.0741439 
0.230384 0.0737091 
0.231746 0.0740732 
0.233108 0.0744374 
0.23447 0.0748016 
0.235832 0.0751658 
0.237194 0.07553 
0.238556 0.0758942 
0.239918 0.0762584 
0.24128 0.0766225 
0.242642 0.0769867 
0.244004 0.0773509 
0.245366 0.0777151 
0.246728 0.0780793 
0.24809 0.0784435 
0.249452 0.0788077 
0.250814 0.0791718 
0.252176 0.079536 
0.253538 0.0799002 
0.2549 0.0802644 
0.256262 0.0806286 
0.257624 0.0809928 
0.258986 0.081357 
0.260347 0.0817211 
0.261709 0.0820853 
0.263071 0.0824495 
0.264433 0.0828137 
0.265795 0.0831779 
0.267157 0.0835421 
0.268519 0.0839063 
0.269881 0.0842704 
0.271243 0.0846346 
0.272605 0.0849988 
0.273967 0.085363 
0.275329 0.0857272 
0.276691 0.0860914 
0.278053 0.0864555 
0.279415 0.0868197 
0.280777 0.0871839 
0.282139 0.0875481 
0.283501 0.0879123 
0.284863 0.0882765 
0.286225 0.0886407 
0.287587 0.0890048 
0.288949 0.089369 
0.290311 0.0897332 
0.291673 0.0900974 
0.293034 0.0904616 
0.294396 0.0908258 
0.295758 0.09119 
0.29712 0.0915541 
0.298482 0.0919183 
0.299844 0.0922825 
0.301206 0.0926467 
0.302568 0.0930109 
0.30393 0.0933751 
0.305292 0.0937393 
0.306654 0.0941034 
0.308016 0.0944676 
0.309378 0.0948318 
0.31074 0.095196 
0.312102 0.0955602 
0.313464 0.0959244 
0.314826 0.0962886 
0.316188 0.0966527 
0.31755 0.0970169 
0.318912 0.0973811 
0.320274 0.0977453 
0.321636 0.0981095 
0.322998 0.0984737 
0.32436 0.0988378 
0.325722 0.099202 
0.327083 0.0995662 
0.328445 0.0999304 
0.329807 0.100295 
0.331169 0.100659 
0.332531 0.101023 
0.333893 0.101387 
0.335255 0.101751 
0.336617 0.102116 
0.337979 0.10248 
0.339341 0.102844 
0.340703 0.103208 
0.342065 0.103572 
0.343427 0.103936 
0.344789 0.104301 
0.346151 0.104665 
0.347513 0.105029 
0.348875 0.105393 
0.350237 0.105757 
0.351599 0.106122 
0.352961 0.106486 
0.354323 0.10685 
0.355685 0.107214 
0.357047 0.107578 
0.358409 0.107942 
0.35977 0.108307 
0.361132 0.108671 
0.362494 0.109035 
0.363856 0.109399 
0.365218 0.109763 
0.36658 0.110128 
0.367942 0.110492 
0.369304 0.110856 
0.370666 0.11122 
0.372028 0.111584 
0.37339 0.111949 
0.374752 0.112313 
0.376114 0.112677 
0.377476 0.113041 
0.378838 0.113405 
0.3802 0.113769 
0.381562 0.114134 
0.382924 0.114498 
0.384286 0.114862 
0.385648 0.115226 
0.38701 0.11559 
0.388372 0.115955 
0.389734 0.116319 
0.391096 0.116683 
0.392457 0.117047 
0.393819 0.117411 
0.395181 0.117775 
0.396543 0.11814 
0.397905 0.118504 
0.399267 0.118868 
0.400629 0.119232 
0.401991 0.119596 
0.403353 0.119961 
0.404715 0.120325 
0.406077 0.120689 
0.407439 0.121053 
0.408801 0.121417 
0.410163 0.121782 
0.411525 0.122146 
0.412887 0.12251 
0.414249 0.122874 
0.415611 0.123238 
0.416973 0.123602 
0.418335 0.123967 
0.419697 0.124331 
0.421059 0.124695 
0.422421 0.125059 
0.423783 0.125423 
0.425144 0.125788 
0.426506 0.126152 
0.427868 0.126516 
0.42923 0.12688 
0.430592 0.127244 
0.431954 0.127608 
0.433316 0.127973 
0.434678 0.128337 
0.43604 0.128701 
0.437402 0.129065 
0.438764 0.129429 
0.440126 0.129794 
0.441488 0.130158 
0.44285 0.130522 
0.444212 0.130886 
0.445574 0.13125 
0.446936 0.131615 
0.448298 0.131979 
0.44966 0.132343 
0.451022 0.132707 
0.452384 0.133071 
0.453746 0.133435 
0.455108 0.1338 
0.45647 0.134164 
0.457831 0.134528 
0.459193 0.134892 
0.460147 0.133892 
0.4611 0.132892 
0.462054 0.131892 
0.463007 0.130891 
0.46396 0.129891 
0.464914 0.128891 
0.465867 0.127891 
0.466821 0.12689 
0.467774 0.12589 
0.468727 0.12489 
0.469681 0.12389 
0.470634 0.122889 
0.471588 0.121889 
0.472541 0.120889 
0.473495 0.119889 
0.474448 0.118889 
0.475401 0.117888 
0.476355 0.116888 
0.477308 0.115888 
0.478262 0.114888 
0.479215 0.113887 
0.480168 0.112887 
0.481122 0.111887 
0.482075 0.110887 
0.483029 0.109886 
0.483982 0.108886 
0.484935 0.107886 
0.485889 0.106886 
0.486842 0.105886 
0.487796 0.104885 
0.488749 0.103885 
0.489702 0.102885 
0.490656 0.101885 
0.491609 0.100884 
0.492563 0.0998841 
0.493516 0.0988839 
0.494469 0.0978837 
0.495423 0.0968834 
0.496376 0.0958832 
0.49733 0.094883 
0.498283 0.0938828 
0.499236 0.0928825 
0.500462 0.0935803 
0.501688 0.0942782 
0.502914 0.094976 
0.504139 0.0956738 
0.505365 0.0963716 
0.506591 0.0970695 
0.507816 0.0977673 
0.509042 0.0984651 
0.510268 0.0991629 
0.511494 0.0998607 
0.512719 0.100559 
0.513945 0.101256 
0.515171 0.101954 
0.516396 0.102652 
0.517622 0.10335 
0.518848 0.104048 
0.520074 0.104746 
0.521299 0.105443 
0.522525 0.106141 
0.523751 0.106839 
0.524976 0.107537 
0.526202 0.108235 
0.527428 0.108932 
0.528654 0.10963 
0.529879 0.110328 
0.531105 0.111026 
0.532331 0.111724 
0.533556 0.112422 
0.534782 0.113119 
0.536008 0.113817 
0.537234 0.114515 
0.538459 0.115213 
0.539685 0.115911 
0.540911 0.116608 
0.542136 0.117306 
0.543362 0.118004 
0.544588 0.118702 
0.545814 0.1194 
0.547039 0.120098 
0.548265 0.120795 
0.549491 0.121493 
0.550716 0.122191 
0.551942 0.122889 
0.553168 0.123587 
0.554394 0.124285 
0.555619 0.124982 
0.556845 0.12568 
0.558071 0.126378 
0.559296 0.127076 
0.560522 0.127774 
0.561748 0.128471 
0.562974 0.129169 
0.564199 0.129867 
0.565425 0.130565 
0.566651 0.131263 
0.567876 0.131961 
0.569102 0.132658 
0.570328 0.133356 
0.571554 0.134054 
0.572779 0.134752 
0.574005 0.13545 
0.575231 0.136148 
0.576456 0.136845 
0.577682 0.137543 
0.578908 0.138241 
0.580134 0.138939 
0.581359 0.139637 
0.582585 0.140334 
0.583811 0.141032 
0.585036 0.14173 
0.586262 0.142428 
0.587488 0.143126 
0.588714 0.143824 
0.589939 0.144521 
0.591165 0.145219 
0.592391 0.145917 
0.593616 0.146615 
0.594842 0.147313 
0.59526 0.148661 
0.595677 0.150009 
0.596095 0.151357 
0.596512 0.152705 
0.59693 0.154052 
0.597347 0.1554 
0.597765 0.156748 
0.598183 0.158096 
0.5986 0.159444 
0.599018 0.160792 
0.599435 0.16214 
0.599853 0.163488 
0.60027 0.164836 
0.600688 0.166184 
0.601105 0.167532 
0.601523 0.16888 
0.601941 0.170228 
0.602358 0.171576 
0.602776 0.172924 
0.603193 0.174272 
0.603611 0.17562 
0.604028 0.176968 
0.604446 0.178316 
0.604863 0.179664 
0.605281 0.181012 
0.605698 0.18236 
0.606116 0.183708 
0.606534 0.185056 
0.606951 0.186404 
0.607369 0.187752 
0.607786 0.1891 
0.608204 0.190448 
0.608621 0.191796 
0.609039 0.193144 
0.609456 0.194491 
0.609874 0.195839 
0.610292 0.197187 
0.610709 0.198535 
0.611127 0.199883 
0.611544 0.201231 
0.611962 0.202579 
0.612379 0.203927 
0.612797 0.205275 
0.613214 0.206623 
0.613632 0.207971 
0.61405 0.209319 
0.614467 0.210667 
0.614885 0.212015 
0.615302 0.213363 
0.61572 0.214711 
0.616137 0.216059 
0.616555 0.217407 
0.616972 0.218755 
0.61739 0.220103 
0.617808 0.221451 
0.618225 0.222799 
0.618643 0.224147 
0.61906 0.225495 
0.619478 0.226843 
0.619895 0.228191 
0.620313 0.229539 
0.62073 0.230887 
0.621148 0.232235 
0.621566 0.233583 
0.621983 0.23493 
0.622401 0.236278 
0.622818 0.237626 
0.623236 0.238974 
0.623653 0.240322 
0.624071 0.24167 
0.624488 0.243018 
0.624906 0.244366 
0.625324 0.245714 
0.625741 0.247062 
0.626159 0.24841 
0.626576 0.249758 
0.626994 0.251106 
0.627411 0.252454 
0.627829 0.253802 
0.628246 0.25515 
0.628664 0.256498 
0.629082 0.257846 
0.629499 0.259194 
0.629917 0.260542 
0.630334 0.26189 
0.630752 0.263238 
0.631169 0.264586 
0.631587 0.265934 
0.632004 0.267282 
0.632422 0.26863 
0.63284 0.269978 
0.633257 0.271326 
0.633675 0.272674 
0.634987 0.273185 
0.6363 0.273696 
0.637613 0.274207 
0.638926 0.274718 
0.640238 0.27523 
0.641551 0.275741 
0.642864 0.276252 
0.644176 0.276763 
0.645489 0.277274 
0.646802 0.277786 
0.648115 0.278297 
0.649427 0.278808 
0.65074 0.279319 
0.652053 0.27983 
0.653365 0.280342 
0.654678 0.280853 
0.655991 0.281364 
0.657304 0.281875 
0.658616 0.282386 
0.659929 0.282898 
0.661242 0.283409 
0.662554 0.28392 
0.663867 0.284431 
0.66518 0.284943 
0.666493 0.285454 
0.667805 0.285965 
0.669118 0.286476 
0.670431 0.286987 
0.671743 0.287499 
0.673056 0.28801 
0.674369 0.288521 
0.675682 0.289032 
0.676994 0.289543 
0.678307 0.290055 
0.67962 0.290566 
0.680933 0.291077 
0.682245 0.291588 
0.683558 0.292099 
0.684871 0.292611 
0.686183 0.293122 
0.687496 0.293633 
0.688809 0.294144 
0.690122 0.294655 
0.691434 0.295167 
0.692747 0.295678 
0.69406 0.296189 
0.695372 0.2967 
0.696685 0.297211 
0.697998 0.297723 
0.699311 0.298234 
0.700623 0.298745 
0.701936 0.299256 
0.703249 0.299767 
0.704561 0.300279 
0.705874 0.30079 
0.707187 0.301301 
0.7085 0.301812 
0.709812 0.302324 
0.711125 0.302835 
0.712438 0.303346 
0.71375 0.303857 
0.715063 0.304368 
0.716376 0.30488 
0.717689 0.305391 
0.719001 0.305902 
0.720314 0.306413 
0.721627 0.306924 
0.72267 0.307865 
0.723712 0.308806 
0.724755 0.309747 
0.725798 0.310688 
0.726841 0.311629 
0.727884 0.31257 
0.728926 0.313511 
0.729969 0.314452 
0.731012 0.315393 
0.732055 0.316334 
0.733097 0.317275 
0.73414 0.318216 
0.735183 0.319157 
0.736226 0.320098 
0.737269 0.321039 
0.738311 0.321979 
0.739354 0.32292 
0.740397 0.323861 
0.74144 0.324802 
0.742483 0.325743 
0.743525 0.326684 
0.744568 0.327625 
0.745611 0.328566 
0.746654 0.329507 
0.747697 0.330448 
0.748739 0.331389 
0.749782 0.33233 
0.750825 0.333271 
0.751868 0.334212 
0.75291 0.335153 
0.753953 0.336094 
0.754996 0.337035 
0.756039 0.337976 
0.757082 0.338916 
0.758124 0.339857 
0.759167 0.340798 
0.76021 0.341739 
0.761253 0.34268 
0.762296 0.343621 
0.763338 0.344562 
0.764381 0.345503 
0.765424 0.346444 
0.766467 0.347385 
0.76751 0.348326 
0.768552 0.349267 
0.769595 0.350208 
0.770638 0.351149 
0.771681 0.35209 
0.772724 0.353031 
0.773766 0.353972 
0.774809 0.354913 
0.775852 0.355853 
0.776895 0.356794 
0.777937 0.357735 
0.77898 0.358676 
0.780023 0.359617 
0.781066 0.360558 
0.782109 0.361499 
0.783151 0.36244 
0.784194 0.363381 
0.785237 0.364322 
0.78628 0.365263 
0.787323 0.366204 
0.788365 0.367145 
0.789408 0.368086 
0.790451 0.369027 
0.791494 0.369968 
0.792537 0.370909 
0.793579 0.37185 
0.794622 0.37279 
0.795665 0.373731 
0.796708 0.374672 
0.79775 0.375613 
0.798793 0.376554 
0.799836 0.377495 
0.800879 0.378436 
0.801922 0.379377 
0.802964 0.380318 
0.804007 0.381259 
0.80505 0.3822 
0.806093 0.383141 
0.807136 0.384082 
0.808178 0.385023 
0.809221 0.385964 
0.810264 0.386905 
0.811307 0.387846 
0.81235 0.388787 
0.813392 0.389727 
0.814435 0.390668 
0.815478 0.391609 
0.816521 0.39255 
0.817563 0.393491 
0.818606 0.394432 
0.819649 0.395373 
0.820692 0.396314 
0.821735 0.397255 
0.822777 0.398196 
0.82382 0.399137 
0.824863 0.400078 
0.825906 0.401019 
0.826949 0.40196 
0.827991 0.402901 
0.829034 0.403842 
0.830077 0.404783 
0.83112 0.405724 
0.832163 0.406664 
0.833205 0.407605 
0.834248 0.408546 
0.835291 0.409487 
0.836334 0.410428 
0.837377 0.411369 
0.838419 0.41231 
0.839462 0.413251 
0.840505 0.414192 
0.841548 0.415133 
0.84259 0.416074 
0.843633 0.417015 
0.844676 0.417956 
0.845719 0.418897 
0.846762 0.419838 
0.847804 0.420779 
0.848847 0.42172 
0.84989 0.422661 
0.850933 0.423601 
0.851976 0.424542 
0.853018 0.425483 
0.854061 0.426424 
0.855104 0.427365 
0.856147 0.428306 
0.85719 0.429247 
0.858232 0.430188 
0.859275 0.431129 
0.860318 0.43207 
0.860503 0.433467 
0.860688 0.434864 
0.860872 0.436261 
0.861057 0.437658 
0.861242 0.439055 
0.861427 0.440453 
0.861612 0.44185 
0.861797 0.443247 
0.861982 0.444644 
0.862166 0.446041 
0.862351 0.447438 
0.862536 0.448835 
0.862721 0.450232 
0.862906 0.451629 
0.863091 0.453026 
0.863276 0.454424 
0.863461 0.455821 
0.863645 0.457218 
0.86383 0.458615 
0.864015 0.460012 
0.8642 0.461409 
0.864385 0.462806 
0.86457 0.464203 
0.864755 0.4656 
0.864939 0.466997 
0.865124 0.468394 
0.865309 0.469792 
0.865494 0.471189 
0.865679 0.472586 
0.865864 0.473983 
0.866049 0.47538 
0.866233 0.476777 
0.866418 0.478174 
0.866603 0.479571 
0.866788 0.480968 
0.866973 0.482365 
0.867158 0.483763 
0.867343 0.48516 
0.867527 0.486557 
0.867712 0.487954 
0.867897 0.489351 
0.868082 0.490748 
0.868267 0.492145 
0.868452 0.493542 
0.868637 0.494939 
0.868821 0.496336 
0.869006 0.497733 
0.869191 0.499131 
0.869376 0.500528 
0.869561 0.501925 
0.869746 0.503322 
0.869931 0.504719 
0.870116 0.506116 
0.8703 0.507513 
0.870485 0.50891 
0.87067 0.510307 
0.870855 0.511704 
0.87104 0.513102 
0.871225 0.514499 
0.87141 0.515896 
0.871594 0.517293 
0.871779 0.51869 
0.871964 0.520087 
0.872149 0.521484 
0.872334 0.522881 
0.872519 0.524278 
0.872704 0.525675 
0.872888 0.527072 
0.873073 0.52847 
0.873258 0.529867 
0.873443 0.531264 
0.873628 0.532661 
0.873813 0.534058 
0.873998 0.535455 
0.874182 0.536852 
0.874367 0.538249 
0.874552 0.539646 
0.874737 0.541043 
0.874922 0.542441 
0.875107 0.543838 
0.875292 0.545235 
0.875476 0.546632 
0.875661 0.548029 
0.875846 0.549426 
0.876031 0.550823 
0.876216 0.55222 
0.876401 0.553617 
0.876586 0.555014 
0.876771 0.556412 
0.876955 0.557809 
0.87714 0.559206 
0.877325 0.560603 
0.87751 0.562 
0.877695 0.563397 
0.87788 0.564794 
0.878065 0.566191 
0.878249 0.567588 
0.878434 0.568985 
0.878619 0.570382 
0.878804 0.57178 
0.878989 0.573177 
0.879174 0.574574 
0.879359 0.575971 
0.879543 0.577368 
0.879728 0.578765 
0.879913 0.580162 
0.880098 0.581559 
0.880283 0.582956 
0.880468 0.584353 
0.880653 0.585751 
0.880837 0.587148 
0.881022 0.588545 
0.881207 0.589942 
0.881392 0.591339 
0.881577 0.592736 
0.881762 0.594133 
0.881947 0.59553 
0.882131 0.596927 
0.882316 0.598324 
0.882501 0.599721 
0.882686 0.601119 
0.882871 0.602516 
0.883056 0.603913 
0.883241 0.60531 
0.883425 0.606707 
0.88361 0.608104 
0.883795 0.609501 
0.88398 0.610898 
0.884165 0.612295 
0.88435 0.613692 
0.884535 0.61509 
0.88472 0.616487 
0.884904 0.617884 
0.885089 0.619281 
0.885274 0.620678 
0.885459 0.622075 
0.885644 0.623472 
0.885829 0.624869 
0.886014 0.626266 
0.886198 0.627663 
0.886383 0.62906 
0.886568 0.630458 
0.886753 0.631855 
0.886938 0.633252 
0.887123 0.634649 
0.887308 0.636046 
0.887492 0.637443 
0.887677 0.63884 
0.887862 0.640237 
0.888047 0.641634 
0.888232 0.643031 
0.888417 0.644429 
0.888602 0.645826 
0.888786 0.647223 
0.888971 0.64862 
0.889156 0.650017 
0.889341 0.651414 
0.889526 0.652811 
0.889711 0.654208 
0.889896 0.655605 
0.89008 0.657002 
0.890265 0.658399 
0.89045 0.659797 
0.890635 0.661194 
0.89082 0.662591 
0.891005 0.663988 
0.89119 0.665385 
0.891375 0.666782 
0.891559 0.668179 
0.891744 0.669576 
0.891929 0.670973 
0.892114 0.67237 
0.892299 0.673768 
0.892484 0.675165 
0.892669 0.676562 
0.892853 0.677959 
0.893038 0.679356 
0.893223 0.680753 
0.893408 0.68215 
0.893593 0.683547 
0.893778 0.684944 
0.893963 0.686341 
0.894147 0.687738 
0.894332 0.689136 
0.894517 0.690533 
0.894702 0.69193 
0.894887 0.693327 
0.895072 0.694724 
0.895257 0.696121 
0.895441 0.697518 
0.895626 0.698915 
0.895811 0.700312 
0.895996 0.701709 
0.896181 0.703107 
0.896366 0.704504 
0.896551 0.705901 
0.896735 0.707298 
0.89692 0.708695 
0.897105 0.710092 
0.89729 0.711489 
0.897587 0.712869 
0.897885 0.71425 
0.898182 0.71563 
0.89848 0.71701 
0.898777 0.718391 
0.899075 0.719771 
0.899372 0.721151 
0.899669 0.722532 
0.899967 0.723912 
0.900264 0.725292 
0.900562 0.726672 
0.900859 0.728053 
0.901156 0.729433 
0.901454 0.730813 
0.901751 0.732194 
0.902049 0.733574 
0.902346 0.734954 
0.902643 0.736335 
0.902941 0.737715 
0.903238 0.739095 
0.903536 0.740476 
0.903833 0.741856 
0.904131 0.743236 
0.904428 0.744616 
0.904725 0.745997 
0.905023 0.747377 
0.90532 0.748757 
0.905618 0.750138 
0.905915 0.751518 
0.906212 0.752898 
0.90651 0.754279 
0.906807 0.755659 
0.907105 0.757039 
0.907402 0.75842 
0.907699 0.7598 
0.907997 0.76118 
0.908294 0.76256 
0.908592 0.763941 
0.908889 0.765321 
0.909187 0.766701 
0.909484 0.768082 
0.909781 0.769462 
0.910079 0.770842 
0.910376 0.772223 
0.910674 0.773603 
0.910971 0.774983 
0.911268 0.776364 
0.911566 0.777744 
0.911863 0.779124 
0.912161 0.780504 
0.912458 0.781885 
0.912755 0.783265 
0.913053 0.784645 
0.91335 0.786026 
0.913648 0.787406 
0.913945 0.788786 
0.914242 0.790167 
0.91454 0.791547 
0.914837 0.792927 
0.915135 0.794308 
0.915432 0.795688 
0.91573 0.797068 
0.916027 0.798448 
0.916324 0.799829 
0.916622 0.801209 
0.916919 0.802589 
0.917217 0.80397 
0.917514 0.80535 
0.917811 0.80673 
0.918109 0.808111 
0.918406 0.809491 
0.918704 0.810871 
0.919001 0.812252 
0.919298 0.813632 
0.919596 0.815012 
0.919893 0.816392 
0.920191 0.817773 
0.920488 0.819153 
0.920786 0.820533 
0.921083 0.821914 
0.92138 0.823294 
0.921678 0.824674 
0.921975 0.826055 
0.922273 0.827435 
0.92257 0.828815 
0.922867 0.830196 
0.923165 0.831576 
0.923462 0.832956 
0.92376 0.834336 
0.924057 0.835717 
0.924354 0.837097 
0.924652 0.838477 
0.924949 0.839858 
0.925247 0.841238 
0.925544 0.842618 
0.925842 0.843999 
0.926139 0.845379 
0.926436 0.846759 
0.926734 0.84814 
0.927031 0.84952 
0.927329 0.8509 
0.927626 0.85228 
0.927923 0.853661 
0.928221 0.855041 
0.928518 0.856421 
0.928816 0.857802 
0.929113 0.859182 
0.92941 0.860562 
0.929708 0.861943 
0.930005 0.863323 
0.930303 0.864703 
0.9306 0.866084 
0.930898 0.867464 
0.931195 0.868844 
0.931492 0.870224 
0.93179 0.871605 
0.932087 0.872985 
0.932385 0.874365 
0.932682 0.875746 
0.932979 0.877126 
0.933277 0.878506 
0.933574 0.879887 
0.933872 0.881267 
0.934169 0.882647 
0.934466 0.884028 
0.934764 0.885408 
0.935061 0.886788 
0.935359 0.888168 
0.935656 0.889549 
0.935954 0.890929 
0.936251 0.892309 
0.936548 0.89369 
0.936846 0.89507 
0.937143 0.89645 
0.937441 0.897831 
0.937738 0.899211 
0.938035 0.900591 
0.938333 0.901972 
0.93863 0.903352 
0.938928 0.904732 
0.939225 0.906112 
0.939522 0.907493 
0.93982 0.908873 
0.940117 0.910253 
0.940415 0.911634 
0.940712 0.913014 
0.94101 0.914394 
0.941307 0.915775 
0.941604 0.917155 
0.941902 0.918535 
0.942254 0.919903 
0.942606 0.921271 
0.942958 0.922639 
0.94331 0.924007 
0.943662 0.925375 
0.944014 0.926743 
0.944366 0.928111 
0.944719 0.929479 
0.945071 0.930848 
0.945423 0.932216 
0.945775 0.933584 
0.946127 0.934952 
0.946479 0.93632 
0.946831 0.937688 
0.947183 0.939056 
0.947535 0.940424 
0.947887 0.941792 
0.94824 0.94316 
0.948592 0.944528 
0.948944 0.945896 
0.949296 0.947264 
0.949648 0.948632 
0.95 0.95 

