0.05 0.05 
0.0505707 0.0512851 
0.0511414 0.0525702 
0.0517121 0.0538553 
0.0522828 0.0551403 
0.0528535 0.0564254 
0.0534242 0.0577105 
0.0539949 0.0589956 
0.0545656 0.0602807 
0.0551363 0.0615658 
0.055707 0.0628508 
0.0562778 0.0641359 
0.0568485 0.065421 
0.0574192 0.0667061 
0.0579899 0.0679912 
0.0585606 0.0692763 
0.0591313 0.0705613 
0.059702 0.0718464 
0.0602727 0.0731315 
0.0608434 0.0744166 
0.0614141 0.0757017 
0.0619848 0.0769868 
0.0625555 0.0782718 
0.0631262 0.0795569 
0.0636969 0.080842 
0.0642676 0.0821271 
0.0648383 0.0834122 
0.065409 0.0846973 
0.0659797 0.0859823 
0.0665504 0.0872674 
0.0671211 0.0885525 
0.0676918 0.0898376 
0.0682625 0.0911227 
0.0688333 0.0924078 
0.069404 0.0936928 
0.0699747 0.0949779 
0.0705454 0.096263 
0.0711161 0.0975481 
0.0716868 0.0988332 
0.0722575 0.100118 
0.0728282 0.101403 
0.0733989 0.102688 
0.0739696 0.103974 
0.0745403 0.105259 
0.075111 0.106544 
0.0756817 0.107829 
0.0762524 0.109114 
0.0768231 0.110399 
0.0773938 0.111684 
0.0779645 0.112969 
0.0785352 0.114254 
0.0791059 0.115539 
0.0796766 0.116824 
0.0802473 0.118109 
0.0808181 0.119395 
0.0813888 0.12068 
0.0819595 0.121965 
0.0825302 0.12325 
0.0831009 0.124535 
0.0836716 0.12582 
0.0842423 0.127105 
0.084813 0.12839 
0.0853837 0.129675 
0.0859544 0.13096 
0.0865251 0.132245 
0.0870958 0.13353 
0.0876665 0.134816 
0.0882372 0.136101 
0.0888079 0.137386 
0.0893786 0.138671 
0.0899493 0.139956 
0.09052 0.141241 
0.0910907 0.142526 
0.0916614 0.143811 
0.0922321 0.145096 
0.0928028 0.146381 
0.0933736 0.147666 
0.0939443 0.148951 
0.094515 0.150237 
0.0950857 0.151522 
0.0956564 0.152807 
0.0962271 0.154092 
0.0967978 0.155377 
0.0973685 0.156662 
0.0979392 0.157947 
0.0985099 0.159232 
0.0990806 0.160517 
0.0996513 0.161802 
0.100222 0.163087 
0.100793 0.164372 
0.101363 0.165658 
0.101934 0.166943 
0.102505 0.168228 
0.103076 0.169513 
0.103646 0.170798 
0.104217 0.172083 
0.104788 0.173368 
0.105358 0.174653 
0.105929 0.175938 
0.1065 0.177223 
0.10707 0.178508 
0.107641 0.179793 
0.108212 0.181079 
0.108783 0.182364 
0.109353 0.183649 
0.109924 0.184934 
0.110495 0.186219 
0.111065 0.187504 
0.111636 0.188789 
0.112207 0.190074 
0.112778 0.191359 
0.113348 0.192644 
0.113919 0.193929 
0.11449 0.195214 
0.11506 0.1965 
0.115631 0.197785 
0.116202 0.19907 
0.116772 0.200355 
0.117343 0.20164 
0.117914 0.202925 
0.118485 0.20421 
0.119055 0.205495 
0.119626 0.20678 
0.12049 0.207893 
0.121354 0.209005 
0.122218 0.210117 
0.123082 0.21123 
0.123946 0.212342 
0.12481 0.213455 
0.125674 0.214567 
0.126538 0.215679 
0.127402 0.216792 
0.128266 0.217904 
0.129129 0.219017 
0.129993 0.220129 
0.130857 0.221241 
0.131721 0.222354 
0.132585 0.223466 
0.133449 0.224579 
0.134313 0.225691 
0.135177 0.226803 
0.136041 0.227916 
0.136905 0.229028 
0.137769 0.230141 
0.138633 0.231253 
0.139497 0.232365 
0.140361 0.233478 
0.141225 0.23459 
0.142089 0.235703 
0.142953 0.236815 
0.143817 0.237927 
0.144681 0.23904 
0.145545 0.240152 
0.146409 0.241265 
0.147273 0.242377 
0.148137 0.243489 
0.149 0.244602 
0.149864 0.245714 
0.150728 0.246827 
0.151592 0.247939 
0.152456 0.249051 
0.15332 0.250164 
0.154184 0.251276 
0.155048 0.252389 
0.155912 0.253501 
0.156776 0.254613 
0.15764 0.255726 
0.158504 0.256838 
0.159368 0.257951 
0.160232 0.259063 
0.161096 0.260175 
0.16196 0.261288 
0.162824 0.2624 
0.163688 0.263513 
0.164552 0.264625 
0.165416 0.265737 
0.16628 0.26685 
0.167144 0.267962 
0.168007 0.269075 
0.168871 0.270187 
0.169735 0.271299 
0.170599 0.272412 
0.171463 0.273524 
0.172327 0.274637 
0.173191 0.275749 
0.174055 0.276861 
0.174919 0.277974 
0.175783 0.279086 
0.176647 0.280199 
0.177511 0.281311 
0.177921 0.282655 
0.178331 0.284 
0.178742 0.285344 
0.179152 0.286688 
0.179562 0.288033 
0.179972 0.289377 
0.180382 0.290721 
0.180792 0.292066 
0.181203 0.29341 
0.181613 0.294754 
0.182023 0.296098 
0.182433 0.297443 
0.182843 0.298787 
0.183254 0.300131 
0.183664 0.301476 
0.184074 0.30282 
0.184484 0.304164 
0.184894 0.305509 
0.185304 0.306853 
0.185715 0.308197 
0.186125 0.309542 
0.186535 0.310886 
0.186945 0.31223 
0.187355 0.313574 
0.187765 0.314919 
0.188176 0.316263 
0.188586 0.317607 
0.188996 0.318952 
0.189406 0.320296 
0.189816 0.32164 
0.190227 0.322985 
0.190637 0.324329 
0.191047 0.325673 
0.191457 0.327018 
0.191867 0.328362 
0.192277 0.329706 
0.192688 0.33105 
0.193098 0.332395 
0.193508 0.333739 
0.193918 0.335083 
0.194328 0.336428 
0.194739 0.337772 
0.195149 0.339116 
0.195559 0.340461 
0.195969 0.341805 
0.196379 0.343149 
0.196789 0.344494 
0.1972 0.345838 
0.19761 0.347182 
0.19802 0.348526 
0.19843 0.349871 
0.19884 0.351215 
0.19925 0.352559 
0.199661 0.353904 
0.200071 0.355248 
0.200481 0.356592 
0.200891 0.357937 
0.201301 0.359281 
0.201712 0.360625 
0.202122 0.36197 
0.202532 0.363314 
0.202942 0.364658 
0.203352 0.366002 
0.203762 0.367347 
0.204173 0.368691 
0.204583 0.370035 
0.204993 0.37138 
0.205403 0.372724 
0.205813 0.374068 
0.206224 0.375413 
0.206634 0.376757 
0.207044 0.378101 
0.207454 0.379445 
0.207864 0.38079 
0.208274 0.382134 
0.208685 0.383478 
0.209095 0.384823 
0.209505 0.386167 
0.209915 0.387511 
0.210325 0.388856 
0.210736 0.3902 
0.211146 0.391544 
0.211556 0.392889 
0.211966 0.394233 
0.212376 0.395577 
0.212786 0.396921 
0.213197 0.398266 
0.213607 0.39961 
0.214017 0.400954 
0.214427 0.402299 
0.214837 0.403643 
0.215247 0.404987 
0.215658 0.406332 
0.216068 0.407676 
0.216478 0.40902 
0.216888 0.410365 
0.217298 0.411709 
0.217709 0.413053 
0.218475 0.414231 
0.219242 0.415408 
0.220009 0.416586 
0.220776 0.417763 
0.221543 0.418941 
0.22231 0.420118 
0.223076 0.421296 
0.223843 0.422473 
0.22461 0.423651 
0.225377 0.424828 
0.226144 0.426006 
0.22691 0.427183 
0.227677 0.428361 
0.228444 0.429538 
0.229211 0.430716 
0.229978 0.431893 
0.230745 0.433071 
0.231511 0.434248 
0.232278 0.435426 
0.233045 0.436603 
0.233812 0.437781 
0.234579 0.438958 
0.235345 0.440136 
0.236112 0.441313 
0.236879 0.442491 
0.237646 0.443668 
0.238413 0.444846 
0.23918 0.446024 
0.239946 0.447201 
0.240713 0.448379 
0.24148 0.449556 
0.242247 0.450734 
0.243014 0.451911 
0.244023 0.452878 
0.245033 0.453844 
0.246043 0.45481 
0.247053 0.455777 
0.248063 0.456743 
0.249072 0.45771 
0.250082 0.458676 
0.251092 0.459643 
0.252102 0.460609 
0.253111 0.461576 
0.254121 0.462542 
0.255131 0.463509 
0.256141 0.464475 
0.257151 0.465442 
0.25816 0.466408 
0.25917 0.467375 
0.26018 0.468341 
0.26119 0.469308 
0.262199 0.470274 
0.263209 0.471241 
0.264219 0.472207 
0.265229 0.473174 
0.266238 0.47414 
0.267248 0.475106 
0.268258 0.476073 
0.269268 0.477039 
0.270278 0.478006 
0.271287 0.478972 
0.272297 0.479939 
0.273307 0.480905 
0.274317 0.481872 
0.275326 0.482838 
0.276336 0.483805 
0.277346 0.484771 
0.278356 0.485738 
0.279366 0.486704 
0.280375 0.487671 
0.281385 0.488637 
0.282395 0.489604 
0.283405 0.49057 
0.284414 0.491537 
0.285424 0.492503 
0.286434 0.49347 
0.287444 0.494436 
0.288453 0.495402 
0.289463 0.496369 
0.290473 0.497335 
0.291483 0.498302 
0.292493 0.499268 
0.293502 0.500235 
0.294512 0.501201 
0.295522 0.502168 
0.296532 0.503134 
0.297541 0.504101 
0.298551 0.505067 
0.299561 0.506034 
0.300571 0.507 
0.301581 0.507967 
0.30259 0.508933 
0.3036 0.5099 
0.30461 0.510866 
0.30562 0.511833 
0.306629 0.512799 
0.307639 0.513766 
0.308649 0.514732 
0.309659 0.515698 
0.310668 0.516665 
0.311678 0.517631 
0.312688 0.518598 
0.313698 0.519564 
0.314708 0.520531 
0.315717 0.521497 
0.316727 0.522464 
0.317737 0.52343 
0.318747 0.524397 
0.319756 0.525363 
0.320766 0.52633 
0.321776 0.527296 
0.322786 0.528263 
0.323795 0.529229 
0.324805 0.530196 
0.325815 0.531162 
0.326825 0.532129 
0.327835 0.533095 
0.328844 0.534062 
0.330085 0.534649 
0.331325 0.535237 
0.332565 0.535825 
0.333806 0.536413 
0.335046 0.537001 
0.336287 0.537589 
0.337527 0.538177 
0.338767 0.538765 
0.340008 0.539353 
0.341248 0.53994 
0.342488 0.540528 
0.343729 0.541116 
0.344969 0.541704 
0.34621 0.542292 
0.34745 0.54288 
0.34869 0.543468 
0.349931 0.544056 
0.351171 0.544644 
0.352411 0.545231 
0.353652 0.545819 
0.354892 0.546407 
0.356133 0.546995 
0.357373 0.547583 
0.358613 0.548171 
0.359854 0.548759 
0.361094 0.549347 
0.362334 0.549935 
0.363575 0.550522 
0.364815 0.55111 
0.366056 0.551698 
0.36746 0.551685 
0.368865 0.551672 
0.370269 0.551659 
0.371674 0.551646 
0.373079 0.551633 
0.374483 0.551619 
0.375888 0.551606 
0.377292 0.551593 
0.378697 0.55158 
0.380102 0.551567 
0.381506 0.551554 
0.382911 0.551541 
0.384315 0.551528 
0.38572 0.551514 
0.387125 0.551501 
0.388529 0.551488 
0.389934 0.551475 
0.391338 0.551462 
0.392743 0.551449 
0.394148 0.551436 
0.395552 0.551423 
0.396957 0.55141 
0.398362 0.551396 
0.399766 0.551383 
0.401171 0.55137 
0.402575 0.551357 
0.40398 0.551344 
0.405385 0.551331 
0.406789 0.551318 
0.408194 0.551305 
0.409598 0.551291 
0.411003 0.551278 
0.412408 0.551265 
0.413812 0.551252 
0.415217 0.551239 
0.416621 0.551226 
0.418026 0.551213 
0.419431 0.5512 
0.420835 0.551186 
0.42224 0.551173 
0.423644 0.55116 
0.425049 0.551147 
0.426454 0.551134 
0.427858 0.551121 
0.429263 0.551108 
0.430667 0.551095 
0.432072 0.551081 
0.433477 0.551068 
0.434881 0.551055 
0.436286 0.551042 
0.437691 0.551029 
0.439095 0.551016 
0.4405 0.551003 
0.441904 0.55099 
0.443309 0.550976 
0.444714 0.550963 
0.446118 0.55095 
0.447523 0.550937 
0.448927 0.550924 
0.450332 0.550911 
0.451737 0.550898 
0.453141 0.550885 
0.454546 0.550871 
0.45595 0.550858 
0.457355 0.550845 
0.45876 0.550832 
0.460164 0.550819 
0.461569 0.550806 
0.462973 0.550793 
0.464378 0.55078 
0.465783 0.550767 
0.467187 0.550753 
0.468592 0.55074 
0.469997 0.550727 
0.471401 0.550714 
0.472806 0.550701 
0.47421 0.550688 
0.475615 0.550675 
0.47702 0.550662 
0.478424 0.550648 
0.479829 0.550635 
0.481233 0.550622 
0.482638 0.550609 
0.484043 0.550596 
0.485447 0.550583 
0.486852 0.55057 
0.488256 0.550557 
0.489661 0.550543 
0.491066 0.55053 
0.49247 0.550517 
0.493875 0.550504 
0.495279 0.550491 
0.496684 0.550478 
0.498089 0.550465 
0.499493 0.550452 
0.500898 0.550438 
0.502303 0.550425 
0.503707 0.550412 
0.505112 0.550399 
0.506516 0.550386 
0.507921 0.550373 
0.509326 0.55036 
0.51073 0.550347 
0.512082 0.550726 
0.513433 0.551105 
0.514785 0.551484 
0.516136 0.551862 
0.517488 0.552241 
0.518839 0.55262 
0.520191 0.552999 
0.521542 0.553378 
0.522894 0.553757 
0.524245 0.554136 
0.525597 0.554515 
0.526948 0.554894 
0.5283 0.555273 
0.529651 0.555652 
0.531003 0.556031 
0.532354 0.55641 
0.533706 0.556789 
0.535057 0.557168 
0.536409 0.557547 
0.53776 0.557926 
0.539112 0.558305 
0.540463 0.558684 
0.541815 0.559063 
0.543166 0.559442 
0.544518 0.559821 
0.545869 0.5602 
0.547221 0.560579 
0.548572 0.560958 
0.549924 0.561337 
0.551275 0.561716 
0.552627 0.562095 
0.553978 0.562474 
0.55533 0.562853 
0.556681 0.563232 
0.558033 0.563611 
0.559384 0.56399 
0.560736 0.564369 
0.562087 0.564747 
0.563439 0.565126 
0.56479 0.565505 
0.566142 0.565884 
0.567493 0.566263 
0.568845 0.566642 
0.570196 0.567021 
0.571548 0.5674 
0.572899 0.567779 
0.574251 0.568158 
0.575602 0.568537 
0.576954 0.568916 
0.578305 0.569295 
0.579657 0.569674 
0.581008 0.570053 
0.58078 0.571444 
0.580551 0.572835 
0.580322 0.574226 
0.580093 0.575616 
0.579864 0.577007 
0.579635 0.578398 
0.579407 0.579789 
0.579178 0.58118 
0.578949 0.58257 
0.57872 0.583961 
0.578491 0.585352 
0.578262 0.586743 
0.578033 0.588134 
0.577805 0.589525 
0.577576 0.590915 
0.577347 0.592306 
0.577118 0.593697 
0.576889 0.595088 
0.57666 0.596479 
0.576432 0.597869 
0.576203 0.59926 
0.575974 0.600651 
0.575745 0.602042 
0.575516 0.603433 
0.575287 0.604824 
0.575059 0.606214 
0.57483 0.607605 
0.574601 0.608996 
0.574372 0.610387 
0.574143 0.611778 
0.573914 0.613168 
0.573685 0.614559 
0.573457 0.61595 
0.573228 0.617341 
0.572999 0.618732 
0.57277 0.620123 
0.572541 0.621513 
0.572312 0.622904 
0.572084 0.624295 
0.571855 0.625686 
0.571626 0.627077 
0.571123 0.62838 
0.570621 0.629683 
0.570118 0.630986 
0.569615 0.632289 
0.569112 0.633592 
0.56861 0.634895 
0.568107 0.636198 
0.567604 0.637501 
0.567102 0.638804 
0.566599 0.640107 
0.566096 0.64141 
0.565594 0.642713 
0.565091 0.644016 
0.564588 0.645319 
0.564085 0.646622 
0.563583 0.647925 
0.56308 0.649228 
0.562577 0.650531 
0.562075 0.651834 
0.561572 0.653137 
0.561069 0.65444 
0.560567 0.655743 
0.560064 0.657046 
0.559561 0.658349 
0.559059 0.659652 
0.558556 0.660955 
0.558053 0.662258 
0.55755 0.663561 
0.557048 0.664864 
0.556545 0.666167 
0.556042 0.66747 
0.55554 0.668773 
0.555503 0.670145 
0.555466 0.671518 
0.555429 0.67289 
0.555392 0.674262 
0.555355 0.675635 
0.555318 0.677007 
0.555282 0.678379 
0.555245 0.679752 
0.555208 0.681124 
0.555171 0.682496 
0.555134 0.683869 
0.555097 0.685241 
0.55506 0.686613 
0.555023 0.687985 
0.554987 0.689358 
0.55495 0.69073 
0.554913 0.692102 
0.554876 0.693475 
0.554839 0.694847 
0.554802 0.696219 
0.554765 0.697592 
0.554728 0.698964 
0.554692 0.700336 
0.554655 0.701709 
0.554618 0.703081 
0.554581 0.704453 
0.554544 0.705826 
0.554507 0.707198 
0.55447 0.70857 
0.554433 0.709943 
0.554397 0.711315 
0.554629 0.712703 
0.554862 0.71409 
0.555095 0.715478 
0.555327 0.716865 
0.55556 0.718253 
0.555793 0.719641 
0.556026 0.721028 
0.556258 0.722416 
0.556491 0.723803 
0.556724 0.725191 
0.556956 0.726579 
0.557189 0.727966 
0.557422 0.729354 
0.557655 0.730742 
0.557887 0.732129 
0.55812 0.733517 
0.558353 0.734904 
0.558586 0.736292 
0.558818 0.73768 
0.559051 0.739067 
0.559284 0.740455 
0.559516 0.741843 
0.559749 0.74323 
0.559982 0.744618 
0.560215 0.746005 
0.560447 0.747393 
0.56068 0.748781 
0.560913 0.750168 
0.562239 0.75064 
0.563564 0.751111 
0.56489 0.751583 
0.566216 0.752054 
0.567542 0.752526 
0.568868 0.752997 
0.570194 0.753468 
0.57152 0.75394 
0.572846 0.754411 
0.574172 0.754883 
0.575498 0.755354 
0.576824 0.755826 
0.578149 0.756297 
0.579475 0.756769 
0.580801 0.75724 
0.582127 0.757712 
0.583453 0.758183 
0.584779 0.758654 
0.586105 0.759126 
0.587431 0.759597 
0.588823 0.75936 
0.590215 0.759123 
0.591607 0.758886 
0.592999 0.758648 
0.594391 0.758411 
0.595783 0.758174 
0.597175 0.757937 
0.598567 0.757699 
0.599959 0.757462 
0.601351 0.757225 
0.602743 0.756988 
0.604135 0.75675 
0.605527 0.756513 
0.606919 0.756276 
0.608311 0.756039 
0.609703 0.755802 
0.611095 0.755564 
0.612487 0.755327 
0.613879 0.75509 
0.615271 0.754853 
0.616664 0.754615 
0.618056 0.754378 
0.619448 0.754141 
0.62084 0.753904 
0.622232 0.753666 
0.623624 0.753429 
0.625016 0.753192 
0.626408 0.752955 
0.6278 0.752717 
0.629192 0.75248 
0.630584 0.752243 
0.631976 0.752006 
0.633368 0.751768 
0.63476 0.751531 
0.636152 0.751294 
0.637544 0.751057 
0.638936 0.750819 
0.640328 0.750582 
0.64172 0.750345 
0.643112 0.750108 
0.644504 0.74987 
0.645896 0.749633 
0.647288 0.749396 
0.64868 0.749159 
0.650072 0.748922 
0.651464 0.748684 
0.652856 0.748447 
0.654248 0.74821 
0.65564 0.747973 
0.657033 0.747735 
0.658425 0.747498 
0.659817 0.747261 
0.661209 0.747024 
0.662601 0.746786 
0.663993 0.746549 
0.665385 0.746312 
0.666777 0.746075 
0.668169 0.745837 
0.669561 0.7456 
0.670953 0.745363 
0.672345 0.745126 
0.673737 0.744888 
0.675129 0.744651 
0.676521 0.744414 
0.677913 0.744177 
0.679305 0.743939 
0.680697 0.743702 
0.682089 0.743465 
0.683481 0.743228 
0.684873 0.742991 
0.686265 0.742753 
0.687657 0.742516 
0.689049 0.742279 
0.690441 0.742042 
0.691833 0.741804 
0.693225 0.741567 
0.694617 0.74133 
0.69601 0.741093 
0.697402 0.740855 
0.698794 0.740618 
0.700186 0.740381 
0.701578 0.740144 
0.70297 0.739906 
0.704362 0.739669 
0.705754 0.739432 
0.707146 0.739195 
0.708538 0.738957 
0.70993 0.73872 
0.711322 0.738483 
0.712714 0.738246 
0.714106 0.738008 
0.715498 0.737771 
0.71689 0.737534 
0.718282 0.737297 
0.719674 0.737059 
0.721066 0.736822 
0.722458 0.736585 
0.72385 0.736348 
0.725242 0.736111 
0.726634 0.735873 
0.728026 0.735636 
0.729418 0.735399 
0.73081 0.735162 
0.732202 0.734924 
0.733594 0.734687 
0.734987 0.73445 
0.736379 0.734213 
0.737771 0.733975 
0.739163 0.733738 
0.740555 0.733501 
0.741947 0.733264 
0.743339 0.733026 
0.744731 0.732789 
0.746123 0.732552 
0.746597 0.733881 
0.747071 0.73521 
0.747545 0.736539 
0.748019 0.737868 
0.748492 0.739197 
0.748966 0.740527 
0.74944 0.741856 
0.749914 0.743185 
0.750388 0.744514 
0.750862 0.745843 
0.751336 0.747172 
0.75181 0.748501 
0.752284 0.74983 
0.752758 0.751159 
0.753232 0.752488 
0.753706 0.753818 
0.75418 0.755147 
0.754654 0.756476 
0.755128 0.757805 
0.755601 0.759134 
0.756075 0.760463 
0.756549 0.761792 
0.757023 0.763121 
0.757497 0.76445 
0.757971 0.765779 
0.758445 0.767109 
0.758919 0.768438 
0.759393 0.769767 
0.759867 0.771096 
0.760341 0.772425 
0.760815 0.773754 
0.761289 0.775083 
0.761763 0.776412 
0.762237 0.777741 
0.76271 0.779071 
0.763184 0.7804 
0.763658 0.781729 
0.764132 0.783058 
0.764606 0.784387 
0.76508 0.785716 
0.765554 0.787045 
0.766028 0.788374 
0.766502 0.789703 
0.766976 0.791032 
0.76745 0.792362 
0.767924 0.793691 
0.768398 0.79502 
0.768872 0.796349 
0.769345 0.797678 
0.769819 0.799007 
0.770293 0.800336 
0.770767 0.801665 
0.771241 0.802994 
0.771715 0.804323 
0.772189 0.805653 
0.772663 0.806982 
0.773137 0.808311 
0.773611 0.80964 
0.774085 0.810969 
0.774559 0.812298 
0.775033 0.813627 
0.775507 0.814956 
0.775981 0.816285 
0.776454 0.817614 
0.776928 0.818944 
0.777402 0.820273 
0.777876 0.821602 
0.77835 0.822931 
0.778824 0.82426 
0.779298 0.825589 
0.779772 0.826918 
0.780246 0.828247 
0.78072 0.829576 
0.781194 0.830906 
0.781668 0.832235 
0.782142 0.833564 
0.782616 0.834893 
0.78309 0.836222 
0.783563 0.837551 
0.784037 0.83888 
0.784511 0.840209 
0.784985 0.841538 
0.785459 0.842867 
0.785933 0.844197 
0.786407 0.845526 
0.786881 0.846855 
0.787355 0.848184 
0.787829 0.849513 
0.788303 0.850842 
0.788777 0.852171 
0.789251 0.8535 
0.789725 0.854829 
0.790199 0.856158 
0.790672 0.857488 
0.791146 0.858817 
0.79162 0.860146 
0.792094 0.861475 
0.792568 0.862804 
0.793042 0.864133 
0.793516 0.865462 
0.79399 0.866791 
0.794464 0.86812 
0.794938 0.86945 
0.795412 0.870779 
0.795886 0.872108 
0.79636 0.873437 
0.796834 0.874766 
0.797307 0.876095 
0.797781 0.877424 
0.798255 0.878753 
0.798729 0.880082 
0.799203 0.881411 
0.799677 0.882741 
0.800151 0.88407 
0.800625 0.885399 
0.801099 0.886728 
0.801573 0.888057 
0.802047 0.889386 
0.802521 0.890715 
0.802995 0.892044 
0.803469 0.893373 
0.803943 0.894702 
0.804416 0.896032 
0.80489 0.897361 
0.805364 0.89869 
0.805838 0.900019 
0.806312 0.901348 
0.806786 0.902677 
0.80726 0.904006 
0.807734 0.905335 
0.808208 0.906664 
0.808682 0.907994 
0.809156 0.909323 
0.810283 0.91013 
0.811411 0.910937 
0.812538 0.911744 
0.813665 0.912551 
0.814793 0.913358 
0.81592 0.914165 
0.817048 0.914972 
0.818175 0.915779 
0.819303 0.916586 
0.82043 0.917393 
0.821557 0.9182 
0.822685 0.919007 
0.823812 0.919814 
0.82494 0.920621 
0.826067 0.921428 
0.827194 0.922235 
0.828322 0.923042 
0.829449 0.923849 
0.830577 0.924656 
0.831704 0.925463 
0.832831 0.92627 
0.833959 0.927077 
0.835086 0.927884 
0.836214 0.928691 
0.837341 0.929498 
0.838469 0.930305 
0.839596 0.931112 
0.840723 0.931919 
0.841851 0.932726 
0.842978 0.933533 
0.844106 0.93434 
0.845233 0.935147 
0.84636 0.935954 
0.847488 0.936761 
0.848615 0.937568 
0.849743 0.938375 
0.85087 0.939182 
0.851998 0.939989 
0.853125 0.940796 
0.854252 0.941603 
0.85538 0.94241 
0.856507 0.943217 
0.857635 0.944024 
0.858762 0.944831 
0.859889 0.945638 
0.861017 0.946445 
0.862144 0.947252 
0.863272 0.948059 
0.864399 0.948866 
0.865526 0.949673 
0.866654 0.95048 
0.868067 0.950472 
0.869479 0.950464 
0.870892 0.950456 
0.872304 0.950448 
0.873717 0.95044 
0.87513 0.950432 
0.876542 0.950423 
0.877955 0.950415 
0.879368 0.950407 
0.88078 0.950399 
0.882193 0.950391 
0.883606 0.950383 
0.885018 0.950375 
0.886431 0.950366 
0.887844 0.950358 
0.889256 0.95035 
0.890669 0.950342 
0.892082 0.950334 
0.893494 0.950326 
0.894907 0.950318 
0.896319 0.950309 
0.897732 0.950301 
0.899145 0.950293 
0.900557 0.950285 
0.90197 0.950277 
0.903383 0.950269 
0.904795 0.950261 
0.906208 0.950252 
0.907621 0.950244 
0.909033 0.950236 
0.910446 0.950228 
0.911859 0.95022 
0.913271 0.950212 
0.914684 0.950204 
0.916097 0.950195 
0.917509 0.950187 
0.918922 0.950179 
0.920334 0.950171 
0.921747 0.950163 
0.92316 0.950155 
0.924572 0.950147 
0.925985 0.950138 
0.927398 0.95013 
0.92881 0.950122 
0.930223 0.950114 
0.931636 0.950106 
0.933048 0.950098 
0.934461 0.95009 
0.935874 0.950081 
0.937286 0.950073 
0.938699 0.950065 
0.940111 0.950057 
0.941524 0.950049 
0.942937 0.950041 
0.944349 0.950033 
0.945762 0.950024 
0.947175 0.950016 
0.948587 0.950008 
0.95 0.95 

