0.05 0.05 0 
0.0627949 0.0518573 0.288309 
0.0745336 0.057276 0.576618 
0.0842472 0.0658087 0.864928 
0.0920673 0.0761586 0.931401 
0.0998089 0.0865697 0.931401 
0.107551 0.0969807 0.931401 
0.115292 0.107392 0.931401 
0.123034 0.117803 0.931401 
0.130776 0.128214 0.931401 
0.138517 0.138625 0.931401 
0.146259 0.149036 0.931401 
0.154001 0.159447 0.931401 
0.161742 0.169858 0.931401 
0.169484 0.180269 0.931401 
0.177226 0.19068 0.931401 
0.184967 0.201091 0.931401 
0.192709 0.211502 0.931401 
0.200451 0.221913 0.931401 
0.208192 0.232324 0.931401 
0.215934 0.242735 0.931401 
0.223676 0.253146 0.931401 
0.231417 0.263557 0.931401 
0.239159 0.273968 0.931401 
0.246901 0.284379 0.931401 
0.254642 0.29479 0.931401 
0.262384 0.305201 0.931401 
0.27027 0.315497 0.840822 
0.281321 0.32447 0.523173 
0.29462 0.329543 0.213527 
0.30859 0.332572 0.213527 
0.322559 0.335601 0.213527 
0.336529 0.33863 0.213527 
0.350498 0.341659 0.213527 
0.364468 0.344689 0.213527 
0.378437 0.347718 0.213527 
0.392407 0.350747 0.213527 
0.406377 0.353776 0.213527 
0.420346 0.356805 0.213527 
0.434316 0.359834 0.213527 
0.448285 0.362863 0.213527 
0.462255 0.365892 0.213527 
0.476224 0.368921 0.213527 
0.490194 0.37195 0.213527 
0.504164 0.374979 0.213527 
0.518133 0.378008 0.213527 
0.532103 0.381037 0.213527 
0.546072 0.384066 0.213527 
0.560042 0.387095 0.213527 
0.574011 0.390124 0.213527 
0.587981 0.393153 0.213527 
0.601951 0.396183 0.213527 
0.615611 0.40026 0.43405 
0.627416 0.408213 0.751699 
0.636146 0.419455 1.06935 
0.643042 0.430397 1.00007 
0.650031 0.441283 1.00007 
0.657019 0.452169 1.00007 
0.664008 0.463054 1.00007 
0.670997 0.47394 1.00007 
0.677963 0.48484 1.03416 
0.684666 0.496334 1.04294 
0.691369 0.507829 1.04294 
0.698071 0.519324 1.04294 
0.704773 0.530819 1.04294 
0.711475 0.542314 1.04294 
0.718177 0.553809 1.04294 
0.724879 0.565304 1.04294 
0.731581 0.576799 1.04294 
0.738283 0.588294 1.04294 
0.744985 0.599789 1.04294 
0.751688 0.611284 1.04294 
0.75839 0.622779 1.04294 
0.765092 0.634274 1.04294 
0.771794 0.645769 1.04294 
0.778496 0.657264 1.04294 
0.785192 0.668763 1.06025 
0.791529 0.681313 1.10666 
0.797823 0.693885 1.10666 
0.804116 0.706457 1.10666 
0.81041 0.719029 1.10666 
0.816704 0.731601 1.10666 
0.822998 0.744174 1.10666 
0.829291 0.756746 1.10666 
0.835585 0.769318 1.10666 
0.841879 0.78189 1.10666 
0.848173 0.794462 1.10666 
0.854466 0.807034 1.10666 
0.860755 0.819609 1.12298 
0.86478 0.833021 1.43542 
0.865201 0.836109 1.43542 
0.865621 0.839197 1.43542 
0.866042 0.842285 1.43542 
0.866463 0.845373 1.43542 
0.866883 0.848461 1.43542 
0.867304 0.85155 1.43542 
0.867725 0.854638 1.43542 
0.868145 0.857726 1.43542 
0.868566 0.860814 1.43542 
0.868987 0.863902 1.43542 
0.869407 0.86699 1.43542 
0.869828 0.870079 1.43542 
0.870248 0.873167 1.43542 
0.870669 0.876255 1.43542 
0.87109 0.879343 1.43542 
0.87151 0.882431 1.43542 
0.871931 0.885519 1.43542 
0.872352 0.888608 1.43542 
0.872772 0.891696 1.43542 
0.873193 0.894784 1.43542 
0.873614 0.897872 1.43542 
0.874034 0.90096 1.43542 
0.874455 0.904048 1.43542 
0.874875 0.907137 1.43542 
0.875296 0.910225 1.43542 
0.875773 0.913304 1.38519 
0.876454 0.916345 1.31593 
0.877343 0.919332 1.24667 
0.878437 0.922249 1.17741 
0.879731 0.925084 1.10815 
0.881217 0.927823 1.03889 
0.882889 0.930452 0.969634 
0.88474 0.932959 0.900375 
0.886759 0.935332 0.831115 
0.888938 0.93756 0.761855 
0.891266 0.939632 0.692596 
0.893731 0.941537 0.623336 
0.896323 0.943267 0.554077 
0.899028 0.944814 0.484817 
0.901833 0.94617 0.415557 
0.904726 0.947329 0.346298 
0.907692 0.948284 0.277038 
0.910717 0.949032 0.207779 
0.913787 0.949569 0.138519 
0.916886 0.949892 0.0692596 
0.92 0.95 0 

